Date,090002.OF,165509.OF,161216.OF
2012-01-04,1.0161,0.988,0.997
2012-01-05,1.0163,0.987,0.997
2012-01-06,1.0178,0.988,0.997
2012-01-09,1.0206,0.989,0.997
2012-01-10,1.0235,0.99,0.999
2012-01-11,1.0216,0.989,0.998
2012-01-12,1.0234,0.991,0.999
2012-01-13,1.0223,0.99,0.998
2012-01-16,1.0101,0.986,0.996
2012-01-17,1.0121,0.988,0.998
2012-01-18,1.0104,0.987,0.997
2012-01-19,1.0131,0.988,0.999
2012-01-20,1.014,0.99,1.0
2012-01-30,1.0139,0.991,1.0
2012-01-31,1.0139,0.991,1.002
2012-02-01,1.0134,0.991,1.002
2012-02-02,1.0149,0.991,1.002
2012-02-03,1.0158,0.991,1.001
2012-02-06,1.0154,0.991,1.001
2012-02-07,1.0131,0.991,1.0
2012-02-08,1.0135,0.991,1.0
2012-02-09,1.0126,0.991,0.999
2012-02-10,1.0119,0.992,0.999
2012-02-13,1.0116,0.992,1.0
2012-02-14,1.0115,0.991,1.0
2012-02-15,1.0114,0.992,1.0
2012-02-16,1.0106,0.993,1.0
2012-02-17,1.0099,0.993,1.001
2012-02-20,1.0117,0.995,1.003
2012-02-21,1.0111,0.995,1.004
2012-02-22,1.0112,0.995,1.003
2012-02-23,1.0112,0.996,1.004
2012-02-24,1.0116,0.998,1.005
2012-02-27,1.0107,0.999,1.005
2012-02-28,1.0107,0.999,1.004
2012-02-29,1.01,0.999,1.003
2012-03-01,1.0098,0.999,1.003
2012-03-02,1.0116,1.001,1.005
2012-03-05,1.0106,1.001,1.005
2012-03-06,1.0107,1.002,1.005
2012-03-07,1.0108,1.003,1.005
2012-03-08,1.012,1.004,1.006
2012-03-09,1.012,1.007,1.007
2012-03-12,1.012,1.008,1.008
2012-03-13,1.0128,1.008,1.007
2012-03-14,1.0115,1.007,1.006
2012-03-15,1.0116,1.007,1.008
2012-03-16,1.0127,1.009,1.01
2012-03-19,1.0136,1.01,1.012
2012-03-20,1.0128,1.01,1.012
2012-03-21,1.0124,1.01,1.013
2012-03-22,1.0131,1.011,1.013
2012-03-23,1.0137,1.011,1.014
2012-03-26,1.0138,1.012,1.015
2012-03-27,1.0135,1.012,1.015
2012-03-28,1.0132,1.012,1.015
2012-03-29,1.0128,1.013,1.014
2012-03-30,1.0137,1.015,1.016
2012-04-05,1.0142,1.017,1.017
2012-04-06,1.0143,1.017,1.018
2012-04-09,1.0142,1.017,1.018
2012-04-10,1.0145,1.018,1.019
2012-04-11,1.0148,1.019,1.019
2012-04-12,1.0149,1.02,1.02
2012-04-13,1.0155,1.021,1.021
2012-04-16,1.0158,1.022,1.021
2012-04-17,1.0165,1.012,1.012
2012-04-18,1.0176,1.013,1.014
2012-04-19,1.0177,1.014,1.015
2012-04-20,1.0187,1.016,1.016
2012-04-23,1.0192,1.016,1.018
2012-04-24,1.0196,1.017,1.019
2012-04-25,1.0195,1.017,1.02
2012-04-26,1.0203,1.019,1.021
2012-04-27,1.0207,1.02,1.023
2012-05-02,1.0223,1.022,1.024
2012-05-03,1.0221,1.022,1.024
2012-05-04,1.0225,1.023,1.026
2012-05-07,1.0228,1.023,1.025
2012-05-08,1.0231,1.023,1.026
2012-05-09,1.0238,1.023,1.027
2012-05-10,1.0246,1.025,1.028
2012-05-11,1.0255,1.025,1.019
2012-05-14,1.0275,1.028,1.021
2012-05-15,1.0292,1.029,1.022
2012-05-16,1.03,1.03,1.023
2012-05-17,1.0305,1.03,1.025
2012-05-18,1.0317,1.031,1.026
2012-05-21,1.0324,1.032,1.028
2012-05-22,1.0332,1.033,1.03
2012-05-23,1.0337,1.035,1.032
2012-05-24,1.035,1.037,1.034
2012-05-25,1.0365,1.037,1.037
2012-05-28,1.0373,1.039,1.038
2012-05-29,1.0371,1.028,1.039
2012-05-30,1.0376,1.03,1.04
2012-05-31,1.0388,1.03,1.04
2012-06-01,1.039,1.03,1.041
2012-06-04,1.0393,1.031,1.043
2012-06-05,1.0398,1.033,1.044
2012-06-06,1.0403,1.034,1.046
2012-06-07,1.0404,1.036,1.047
2012-06-08,1.0425,1.04,1.052
2012-06-11,1.0424,1.039,1.053
2012-06-12,1.0427,1.042,1.044
2012-06-13,1.0421,1.042,1.043
2012-06-14,1.0416,1.042,1.042
2012-06-15,1.0417,1.042,1.045
2012-06-18,1.0413,1.042,1.045
2012-06-19,1.0408,1.041,1.045
2012-06-20,1.0405,1.039,1.045
2012-06-21,1.0406,1.041,1.044
2012-06-25,1.0409,1.04,1.045
2012-06-26,1.0412,1.04,1.046
2012-06-27,1.0416,1.04,1.046
2012-06-28,1.0417,1.04,1.046
2012-06-29,1.0419,1.041,1.046
2012-07-02,1.0419,1.041,1.046
2012-07-03,1.042,1.043,1.047
2012-07-04,1.0423,1.043,1.047
2012-07-05,1.0426,1.042,1.048
2012-07-06,1.0439,1.044,1.05
2012-07-09,1.0441,1.044,1.051
2012-07-10,1.0445,1.044,1.051
2012-07-11,1.045,1.044,1.043
2012-07-12,1.0454,1.044,1.042
2012-07-13,1.0453,1.045,1.043
2012-07-16,1.0452,1.039,1.043
2012-07-17,1.0451,1.039,1.043
2012-07-18,1.0448,1.039,1.043
2012-07-19,1.0448,1.039,1.043
2012-07-20,1.0448,1.039,1.041
2012-07-23,1.0448,1.039,1.043
2012-07-24,1.0445,1.039,1.043
2012-07-25,1.0444,1.039,1.043
2012-07-26,1.0443,1.039,1.043
2012-07-27,1.0443,1.039,1.043
2012-07-30,1.0444,1.038,1.042
2012-07-31,1.0436,1.037,1.041
2012-08-01,1.0433,1.037,1.04
2012-08-02,1.0429,1.037,1.04
2012-08-03,1.0427,1.036,1.039
2012-08-06,1.0419,1.036,1.039
2012-08-07,1.0411,1.035,1.037
2012-08-08,1.041,1.035,1.035
2012-08-09,1.0413,1.036,1.036
2012-08-10,1.0415,1.035,1.025
2012-08-13,1.0415,1.035,1.026
2012-08-14,1.0417,1.035,1.026
2012-08-15,1.0412,1.03,1.026
2012-08-16,1.0411,1.029,1.026
2012-08-17,1.0409,1.029,1.026
2012-08-20,1.04,1.029,1.026
2012-08-21,1.0395,1.03,1.025
2012-08-22,1.0385,1.029,1.024
2012-08-23,1.0381,1.029,1.025
2012-08-24,1.0383,1.029,1.025
2012-08-27,1.0378,1.029,1.025
2012-08-28,1.038,1.029,1.025
2012-08-29,1.0383,1.029,1.025
2012-08-30,1.0383,1.028,1.025
2012-08-31,1.0384,1.028,1.025
2012-09-03,1.0387,1.028,1.026
2012-09-04,1.039,1.028,1.025
2012-09-05,1.0389,1.028,1.025
2012-09-06,1.0388,1.029,1.025
2012-09-07,1.0388,1.03,1.026
2012-09-10,1.0384,1.03,1.026
2012-09-11,1.0381,1.03,1.026
2012-09-12,1.0376,1.03,1.021
2012-09-13,1.0371,1.031,1.021
2012-09-14,1.0361,1.031,1.021
2012-09-17,1.0359,1.026,1.02
2012-09-18,1.0362,1.026,1.019
2012-09-19,1.0361,1.026,1.018
2012-09-20,1.0359,1.026,1.019
2012-09-21,1.0363,1.027,1.02
2012-09-24,1.0367,1.026,1.02
2012-09-25,1.037,1.027,1.02
2012-09-26,1.0383,1.028,1.022
2012-09-27,1.0385,1.029,1.022
2012-09-28,1.0388,1.03,1.024
2012-10-08,1.0395,1.031,1.025
2012-10-09,1.0395,1.031,1.025
2012-10-10,1.0403,1.033,1.025
2012-10-11,1.0408,1.033,1.026
2012-10-12,1.0414,1.034,1.028
2012-10-15,1.0421,1.035,1.028
2012-10-16,1.0421,1.036,1.029
2012-10-17,1.0422,1.036,1.026
2012-10-18,1.0421,1.037,1.025
2012-10-19,1.0421,1.037,1.023
2012-10-22,1.0425,1.032,1.026
2012-10-23,1.0424,1.033,1.026
2012-10-24,1.0421,1.033,1.026
2012-10-25,1.0418,1.033,1.027
2012-10-26,1.0414,1.032,1.028
2012-10-29,1.0414,1.032,1.027
2012-10-30,1.0421,1.033,1.027
2012-10-31,1.0423,1.033,1.027
2012-11-01,1.0424,1.034,1.028
2012-11-02,1.0424,1.034,1.028
2012-11-05,1.0427,1.035,1.028
2012-11-06,1.0431,1.035,1.028
2012-11-07,1.0432,1.036,1.03
2012-11-08,1.043,1.036,1.03
2012-11-09,1.0431,1.036,1.03
2012-11-12,1.0439,1.037,1.026
2012-11-13,1.0441,1.037,1.026
2012-11-14,1.0446,1.037,1.027
2012-11-15,1.0449,1.027,1.027
2012-11-16,1.0454,1.028,1.028
2012-11-19,1.0455,1.028,1.028
2012-11-20,1.0458,1.028,1.029
2012-11-21,1.0455,1.028,1.027
2012-11-22,1.0458,1.029,1.029
2012-11-23,1.0459,1.03,1.029
2012-11-26,1.046,1.031,1.03
2012-11-27,1.0462,1.031,1.029
2012-11-28,1.0466,1.031,1.03
2012-11-29,1.0464,1.031,1.03
2012-11-30,1.0467,1.032,1.03
2012-12-03,1.0467,1.032,1.03
2012-12-04,1.0469,1.032,1.03
2012-12-05,1.0467,1.033,1.03
2012-12-06,1.0469,1.032,1.031
2012-12-07,1.0472,1.032,1.032
2012-12-10,1.0474,1.032,1.034
2012-12-11,1.0474,1.032,1.034
2012-12-12,1.048,1.032,1.029
2012-12-13,1.0479,1.033,1.027
2012-12-14,1.0503,1.033,1.035
2012-12-17,1.0512,1.024,1.038
2012-12-18,1.0516,1.024,1.039
2012-12-19,1.0514,1.024,1.039
2012-12-20,1.051,1.025,1.037
2012-12-21,1.0505,1.025,1.037
2012-12-24,1.0489,1.025,1.035
2012-12-25,1.0526,1.025,1.042
2012-12-26,1.0528,1.026,1.042
2012-12-27,1.0537,1.026,1.043
2012-12-28,1.0538,1.026,1.043
2012-12-31,1.0552,1.027,1.045
2013-01-04,1.0589,1.027,1.051
2013-01-07,1.0609,1.028,1.052
2013-01-08,1.0609,1.028,1.05
2013-01-09,1.0624,1.029,1.052
2013-01-10,1.0663,1.03,1.057
2013-01-11,1.0654,1.03,1.054
2013-01-14,1.0725,1.032,1.064
2013-01-15,1.0765,1.032,1.067
2013-01-16,1.0779,1.032,1.07
2013-01-17,1.0774,1.033,1.07
2013-01-18,1.0316,1.028,1.074
2013-01-21,1.0342,1.029,1.077
2013-01-22,1.0314,1.029,1.076
2013-01-23,1.0315,1.03,1.077
2013-01-24,1.0302,1.03,1.074
2013-01-25,1.0264,1.03,1.071
2013-01-28,1.0332,1.032,1.078
2013-01-29,1.0334,1.032,1.08
2013-01-30,1.0362,1.033,1.083
2013-01-31,1.0399,1.033,1.086
2013-02-01,1.0436,1.034,1.089
2013-02-04,1.0432,1.034,1.089
2013-02-05,1.0414,1.035,1.088
2013-02-06,1.0418,1.036,1.089
2013-02-07,1.0422,1.037,1.09
2013-02-08,1.0434,1.038,1.096
2013-02-18,1.0443,1.04,1.096
2013-02-19,1.0427,1.039,1.082
2013-02-20,1.0436,1.041,1.085
2013-02-21,1.0406,1.041,1.078
2013-02-22,1.0397,1.036,1.073
2013-02-25,1.0403,1.037,1.073
2013-02-26,1.039,1.035,1.071
2013-02-27,1.0382,1.035,1.071
2013-02-28,1.0403,1.037,1.076
2013-03-01,1.0403,1.038,1.076
2013-03-04,1.0381,1.036,1.068
2013-03-05,1.0388,1.036,1.07
2013-03-06,1.0393,1.037,1.074
2013-03-07,1.0391,1.038,1.072
2013-03-08,1.0392,1.038,1.072
2013-03-11,1.0391,1.039,1.072
2013-03-12,1.0409,1.039,1.051
2013-03-13,1.0407,1.034,1.05
2013-03-14,1.0403,1.034,1.05
2013-03-15,1.0404,1.034,1.051
2013-03-18,1.0407,1.034,1.05
2013-03-19,1.0393,1.034,1.05
2013-03-20,1.0405,1.035,1.053
2013-03-21,1.0411,1.035,1.054
2013-03-22,1.0424,1.036,1.056
2013-03-25,1.0435,1.036,1.056
2013-03-26,1.0419,1.036,1.054
2013-03-27,1.0417,1.038,1.054
2013-03-28,1.0391,1.037,1.05
2013-03-29,1.0401,1.038,1.049
2013-04-01,1.0411,1.039,1.05
2013-04-02,1.043,1.04,1.052
2013-04-03,1.0442,1.04,1.053
2013-04-08,1.0452,1.041,1.054
2013-04-09,1.046,1.043,1.056
2013-04-10,1.0471,1.044,1.059
2013-04-11,1.0475,1.044,1.059
2013-04-12,1.0477,1.044,1.05
2013-04-15,1.0474,1.045,1.05
2013-04-16,1.0481,1.046,1.051
2013-04-17,1.0478,1.042,1.05
2013-04-18,1.0459,1.042,1.051
2013-04-19,1.0461,1.042,1.05
2013-04-22,1.0436,1.04,1.048
2013-04-23,1.0415,1.038,1.045
2013-04-24,1.0428,1.04,1.045
2013-04-25,1.0436,1.04,1.047
2013-04-26,1.0444,1.041,1.048
2013-05-02,1.0452,1.043,1.049
2013-05-03,1.0465,1.044,1.05
2013-05-06,1.0499,1.045,1.051
2013-05-07,1.0505,1.045,1.052
2013-05-08,1.0513,1.045,1.053
2013-05-09,1.0513,1.046,1.054
2013-05-10,1.0527,1.046,1.055
2013-05-13,1.0527,1.047,1.041
2013-05-14,1.0526,1.047,1.041
2013-05-15,1.0531,1.037,1.042
2013-05-16,1.0529,1.038,1.044
2013-05-17,1.055,1.038,1.047
2013-05-20,1.0589,1.038,1.048
2013-05-21,1.0583,1.039,1.048
2013-05-22,1.056,1.039,1.048
2013-05-23,1.0554,1.039,1.048
2013-05-24,1.0559,1.04,1.05
2013-05-27,1.0564,1.04,1.05
2013-05-28,1.0588,1.04,1.052
2013-05-29,1.0595,1.041,1.053
2013-05-30,1.0585,1.041,1.054
2013-05-31,1.0585,1.041,1.054
2013-06-03,1.0588,1.042,1.055
2013-06-04,1.0583,1.042,1.054
2013-06-05,1.0576,1.042,1.053
2013-06-06,1.0551,1.042,1.051
2013-06-07,1.0535,1.042,1.05
2013-06-13,1.0504,1.041,1.048
2013-06-14,1.0486,1.041,1.047
2013-06-17,1.0484,1.04,1.037
2013-06-18,1.0482,1.04,1.037
2013-06-19,1.0411,1.039,1.034
2013-06-20,1.0401,1.029,1.024
2013-06-21,1.0402,1.029,1.024
2013-06-24,1.0378,1.026,1.018
2013-06-25,1.0387,1.026,1.02
2013-06-26,1.0412,1.029,1.024
2013-06-27,1.0435,1.029,1.026
2013-06-28,1.0477,1.03,1.029
2013-07-01,1.0533,1.031,1.029
2013-07-02,1.0555,1.032,1.031
2013-07-03,1.0539,1.033,1.031
2013-07-04,1.0556,1.034,1.033
2013-07-05,1.057,1.034,1.035
2013-07-08,1.0547,1.035,1.034
2013-07-09,1.054,1.034,1.033
2013-07-10,1.0553,1.034,1.023
2013-07-11,1.056,1.034,1.024
2013-07-12,1.054,1.034,1.023
2013-07-15,1.0543,1.029,1.023
2013-07-16,1.0533,1.029,1.022
2013-07-17,1.0512,1.028,1.02
2013-07-18,1.0479,1.027,1.018
2013-07-19,1.0456,1.026,1.016
2013-07-22,1.044,1.026,1.013
2013-07-23,1.0445,1.026,1.014
2013-07-24,1.0434,1.025,1.013
2013-07-25,1.0432,1.025,1.012
2013-07-26,1.044,1.025,1.013
2013-07-29,1.0418,1.025,1.011
2013-07-30,1.041,1.024,1.011
2013-07-31,1.0428,1.025,1.011
2013-08-01,1.0458,1.026,1.014
2013-08-02,1.0469,1.026,1.015
2013-08-05,1.0467,1.026,1.014
2013-08-06,1.0485,1.026,1.014
2013-08-07,1.0475,1.025,1.014
2013-08-08,1.0466,1.025,1.013
2013-08-09,1.0457,1.025,1.012
2013-08-12,1.0476,1.024,1.01
2013-08-13,1.0474,1.025,1.009
2013-08-14,1.0443,1.024,1.007
2013-08-15,1.0423,1.019,1.005
2013-08-16,1.0413,1.019,1.005
2013-08-19,1.0433,1.018,1.004
2013-08-20,1.0416,1.017,1.003
2013-08-21,1.0399,1.018,1.003
2013-08-22,1.0399,1.018,1.003
2013-08-23,1.0408,1.017,1.004
2013-08-26,1.0432,1.018,1.005
2013-08-27,1.0445,1.018,1.004
2013-08-28,1.0441,1.018,1.004
2013-08-29,1.0441,1.019,1.004
2013-08-30,1.0446,1.019,1.005
2013-09-02,1.0442,1.019,1.006
2013-09-03,1.0455,1.02,1.007
2013-09-04,1.0454,1.02,1.006
2013-09-05,1.0449,1.02,1.007
2013-09-06,1.0452,1.021,1.008
2013-09-09,1.0501,1.021,1.011
2013-09-10,1.0526,1.022,1.012
2013-09-11,1.0512,1.022,1.008
2013-09-12,1.0518,1.022,1.009
2013-09-13,1.0492,1.023,1.008
2013-09-16,1.0492,1.018,1.007
2013-09-17,1.0477,1.018,1.007
2013-09-18,1.0483,1.018,1.008
2013-09-23,1.0497,1.019,1.009
2013-09-24,1.047,1.019,1.008
2013-09-25,1.0477,1.019,1.008
2013-09-26,1.0452,1.019,1.007
2013-09-27,1.0447,1.019,1.007
2013-09-30,1.0446,1.02,1.008
2013-10-08,1.0463,1.021,1.009
2013-10-09,1.047,1.021,1.01
2013-10-10,1.0471,1.022,1.01
2013-10-11,1.0478,1.022,1.01
2013-10-14,1.048,1.022,1.011
2013-10-15,1.0479,1.021,1.011
2013-10-16,1.0464,1.021,1.009
2013-10-17,1.0451,1.021,1.006
2013-10-18,1.0452,1.022,1.006
2013-10-21,1.046,1.023,1.007
2013-10-22,1.0458,1.018,1.006
2013-10-23,1.0458,1.015,1.005
2013-10-24,1.0434,1.015,1.003
2013-10-25,1.0412,1.015,1.002
2013-10-28,1.0405,1.016,1.002
2013-10-29,1.0411,1.016,1.001
2013-10-30,1.0441,1.016,1.001
2013-10-31,1.042,1.015,1.001
2013-11-01,1.0425,1.016,1.001
2013-11-04,1.0434,1.016,1.001
2013-11-05,1.0429,1.016,1.0
2013-11-06,1.0424,1.014,0.999
2013-11-07,1.0411,1.013,0.999
2013-11-08,1.039,1.007,0.999
2013-11-11,1.0378,1.009,0.996
2013-11-12,1.0372,1.008,0.996
2013-11-13,1.0327,1.007,0.994
2013-11-14,1.0332,1.001,0.993
2013-11-15,1.0334,0.996,0.992
2013-11-18,1.035,0.993,0.992
2013-11-19,1.0328,0.98,0.99
2013-11-20,1.0324,0.981,0.989
2013-11-21,1.034,0.981,0.988
2013-11-22,1.0313,0.985,0.988
2013-11-25,1.031,0.981,0.987
2013-11-26,1.0297,0.986,0.985
2013-11-27,1.0293,0.982,0.984
2013-11-28,1.0312,0.986,0.984
2013-11-29,1.0327,0.987,0.986
2013-12-02,1.0309,0.981,0.985
2013-12-03,1.032,0.981,0.986
2013-12-04,1.035,0.981,0.988
2013-12-05,1.0332,0.984,0.987
2013-12-06,1.0329,0.977,0.987
2013-12-09,1.0338,0.977,0.987
2013-12-10,1.0317,0.981,0.988
2013-12-11,1.0297,0.986,0.985
2013-12-12,1.0298,0.986,0.986
2013-12-13,1.0315,0.984,0.986
2013-12-16,1.0295,0.985,0.985
2013-12-17,1.0281,0.982,0.984
2013-12-18,1.0271,0.978,0.983
2013-12-19,1.0248,0.976,0.981
2013-12-20,1.0229,0.978,0.979
2013-12-23,1.0203,0.969,0.978
2013-12-24,1.02,0.971,0.979
2013-12-25,1.0211,0.971,0.981
2013-12-26,1.0183,0.97,0.98
2013-12-27,1.0141,0.97,0.978
2013-12-30,1.0144,0.965,0.978
2013-12-31,1.0155,0.972,0.978
2014-01-02,1.0136,0.965,0.979
2014-01-03,1.0121,0.967,0.978
2014-01-06,1.0088,0.966,0.976
2014-01-07,1.0078,0.969,0.976
2014-01-08,1.0059,0.968,0.975
2014-01-09,0.9992,0.968,0.975
2014-01-10,0.9977,0.972,0.974
2014-01-13,0.9997,0.97,0.974
2014-01-14,0.9991,0.962,0.974
2014-01-15,1.0007,0.965,0.972
2014-01-16,1.0013,0.965,0.972
2014-01-17,0.9853,0.964,0.972
2014-01-20,0.9844,0.965,0.971
2014-01-21,0.9864,0.97,0.973
2014-01-22,0.9874,0.972,0.974
2014-01-23,0.9889,0.973,0.975
2014-01-24,0.9902,0.973,0.973
2014-01-27,0.9914,0.974,0.974
2014-01-28,0.9919,0.974,0.974
2014-01-29,0.995,0.976,0.975
2014-01-30,0.9952,0.976,0.975
2014-02-07,0.9971,0.975,0.976
2014-02-10,1.0014,0.977,0.978
2014-02-11,1.001,0.966,0.978
2014-02-12,1.0021,0.959,0.978
2014-02-13,1.0027,0.96,0.979
2014-02-14,1.006,0.964,0.98
2014-02-17,1.0083,0.966,0.981
2014-02-18,1.0075,0.968,0.98
2014-02-19,1.0082,0.97,0.981
2014-02-20,1.0102,0.972,0.981
2014-02-21,1.0075,0.975,0.983
2014-02-24,1.0072,0.978,0.982
2014-02-25,1.01,0.979,0.983
2014-02-26,1.0111,0.979,0.983
2014-02-27,1.0159,0.981,0.984
2014-02-28,1.0128,0.974,0.985
2014-03-03,1.0146,0.98,0.986
2014-03-04,1.0126,0.979,0.986
2014-03-05,1.0087,0.975,0.985
2014-03-06,1.0091,0.98,0.985
2014-03-07,1.0109,0.977,0.983
2014-03-10,1.0101,0.98,0.985
2014-03-11,1.0102,0.982,0.985
2014-03-12,1.0087,0.983,0.985
2014-03-13,1.0103,0.984,0.986
2014-03-14,1.0107,0.984,0.986
2014-03-17,1.0113,0.985,0.986
2014-03-18,1.0096,0.983,0.986
2014-03-19,1.0075,0.983,0.985
2014-03-20,1.0076,0.983,0.985
2014-03-21,1.0089,0.984,0.986
2014-03-24,1.0078,0.984,0.986
2014-03-25,1.008,0.985,0.986
2014-03-26,1.0087,0.984,0.987
2014-03-27,1.0086,0.983,0.986
2014-03-28,1.0079,0.982,0.986
2014-03-31,1.0092,0.983,0.986
2014-04-01,1.0089,0.984,0.987
2014-04-02,1.0094,0.984,0.986
2014-04-03,1.0078,0.982,0.987
2014-04-04,1.009,0.983,0.987
2014-04-08,1.0109,0.986,0.989
2014-04-09,1.0105,0.988,0.989
2014-04-10,1.0114,0.989,0.989
2014-04-11,1.0129,0.99,0.99
2014-04-14,1.0154,0.993,0.99
2014-04-15,1.0157,0.994,0.99
2014-04-16,1.0182,0.995,0.991
2014-04-17,1.0229,0.996,0.993
2014-04-18,1.0238,0.997,0.994
2014-04-21,1.0236,0.998,0.994
2014-04-22,1.0256,0.999,0.994
2014-04-23,1.0256,0.999,0.994
2014-04-24,1.0254,0.999,0.995
2014-04-25,1.0245,1.0,0.994
2014-04-28,1.0246,1.0,0.993
2014-04-29,1.025,1.001,0.994
2014-04-30,1.0282,1.001,0.995
2014-05-05,1.0313,1.002,0.997
2014-05-06,1.0334,1.003,0.999
2014-05-07,1.0353,1.003,1.0
2014-05-08,1.0394,1.004,1.003
2014-05-09,1.0447,1.005,1.008
2014-05-12,1.046,1.006,1.01
2014-05-13,1.0458,1.007,1.012
2014-05-14,1.0438,1.007,1.011
2014-05-15,1.042,1.008,1.012
2014-05-16,1.0421,1.007,1.012
2014-05-19,1.041,1.007,1.012
2014-05-20,1.0407,1.007,1.012
2014-05-21,1.0424,1.007,1.012
2014-05-22,1.0431,1.008,1.014
2014-05-23,1.0455,1.009,1.015
2014-05-26,1.0463,1.009,1.016
2014-05-27,1.0478,1.01,1.017
2014-05-28,1.0494,1.01,1.018
2014-05-29,1.0505,1.011,1.021
2014-05-30,1.0532,1.013,1.021
2014-06-03,1.0584,1.015,1.024
2014-06-04,1.0598,1.016,1.023
2014-06-05,1.0599,1.017,1.026
2014-06-06,1.0598,1.019,1.026
2014-06-09,1.0611,1.019,1.026
2014-06-10,1.0643,1.019,1.03
2014-06-11,1.0645,1.019,1.031
2014-06-12,1.065,1.019,1.031
2014-06-13,1.0667,1.02,1.035
2014-06-16,1.0692,1.021,1.037
2014-06-17,1.0661,1.02,1.034
2014-06-18,1.0642,1.019,1.03
2014-06-19,1.0629,1.019,1.029
2014-06-20,1.0649,1.02,1.032
2014-06-23,1.0659,1.02,1.033
2014-06-24,1.0676,1.021,1.035
2014-06-25,1.0674,1.022,1.034
2014-06-26,1.0696,1.022,1.036
2014-06-27,1.0705,1.023,1.038
2014-06-30,1.0707,1.017,1.038
2014-07-01,1.0679,1.018,1.037
2014-07-02,1.0676,1.017,1.037
2014-07-03,1.069,1.018,1.038
2014-07-04,1.0678,1.019,1.036
2014-07-07,1.0687,1.019,1.036
2014-07-08,1.0685,1.022,1.036
2014-07-09,1.0666,1.022,1.035
2014-07-10,1.067,1.023,1.035
2014-07-11,1.0681,1.023,1.037
2014-07-14,1.0706,1.024,1.041
2014-07-15,1.0714,1.023,1.041
2014-07-16,1.0705,1.023,1.038
2014-07-17,1.0674,1.022,1.036
2014-07-18,1.0671,1.023,1.038
2014-07-21,1.0665,1.024,1.04
2014-07-22,1.0684,1.022,1.042
2014-07-23,1.07,1.023,1.041
2014-07-24,1.0725,1.026,1.045
2014-07-25,1.0732,1.028,1.043
2014-07-28,1.078,1.026,1.047
2014-07-29,1.0781,1.029,1.049
2014-07-30,1.0777,1.03,1.049
2014-07-31,1.0811,1.031,1.053
2014-08-01,1.0824,1.031,1.055
2014-08-04,1.087,1.032,1.056
2014-08-05,1.0863,1.033,1.056
2014-08-06,1.0863,1.035,1.055
2014-08-07,1.0834,1.036,1.054
2014-08-08,1.0838,1.037,1.054
2014-08-11,1.0875,1.045,1.056
2014-08-12,1.0883,1.046,1.041
2014-08-13,1.0881,1.048,1.041
2014-08-14,1.088,1.048,1.04
2014-08-15,1.0912,1.049,1.043
2014-08-18,1.0931,1.05,1.045
2014-08-19,1.0933,1.05,1.044
2014-08-20,1.0928,1.05,1.045
2014-08-21,1.0912,1.049,1.042
2014-08-22,1.0917,1.049,1.042
2014-08-25,1.0923,1.049,1.041
2014-08-26,1.0911,1.05,1.042
2014-08-27,1.0935,1.051,1.042
2014-08-28,1.0954,1.051,1.043
2014-08-29,1.0972,1.052,1.046
2014-09-01,1.1009,1.053,1.051
2014-09-02,1.1043,1.055,1.054
2014-09-03,1.1088,1.056,1.059
2014-09-04,1.1111,1.056,1.06
2014-09-05,1.114,1.057,1.062
2014-09-09,1.1124,1.057,1.063
2014-09-10,1.1116,1.056,1.062
2014-09-11,1.1116,1.057,1.062
2014-09-12,1.1154,1.057,1.065
2014-09-15,1.1146,1.057,1.066
2014-09-16,1.1067,1.057,1.061
2014-09-17,1.1074,1.057,1.067
2014-09-18,1.1106,1.058,1.067
2014-09-19,1.1153,1.059,1.071
2014-09-22,1.1105,1.06,1.068
2014-09-23,1.113,1.06,1.068
2014-09-24,1.1164,1.06,1.071
2014-09-25,1.1175,1.061,1.073
2014-09-26,1.1171,1.063,1.072
2014-09-29,1.1192,1.065,1.073
2014-09-30,1.1225,1.066,1.074
2014-10-08,1.1235,1.069,1.077
2014-10-09,1.1247,1.07,1.076
2014-10-10,1.1229,1.071,1.075
2014-10-13,1.1235,1.072,1.074
2014-10-14,1.1244,1.074,1.074
2014-10-15,1.1289,1.075,1.075
2014-10-16,1.1307,1.077,1.076
2014-10-17,1.1324,1.077,1.077
2014-10-20,1.1384,1.081,1.08
2014-10-21,1.1414,1.082,1.069
2014-10-22,1.1417,1.083,1.07
2014-10-23,1.1423,1.084,1.07
2014-10-24,1.1421,1.086,1.072
2014-10-27,1.1405,1.086,1.075
2014-10-28,1.1457,1.089,1.09
2014-10-29,1.1521,1.091,1.093
2014-10-30,1.1564,1.094,1.104
2014-10-31,1.165,1.096,1.107
2014-11-03,1.1673,1.099,1.115
2014-11-04,1.1729,1.101,1.129
2014-11-05,1.1755,1.102,1.128
2014-11-06,1.1791,1.103,1.13
2014-11-07,1.1856,1.106,1.138
2014-11-10,1.201,1.108,1.151
2014-11-11,1.1986,1.111,1.142
2014-11-12,1.2044,1.11,1.144
2014-11-13,1.203,1.108,1.126
2014-11-14,1.1965,1.107,1.12
2014-11-17,1.1172,1.106,1.121
2014-11-18,1.108,1.106,1.115
2014-11-19,1.108,1.107,1.116
2014-11-20,1.1123,1.108,1.119
2014-11-21,1.1187,1.107,1.123
2014-11-24,1.1347,1.111,1.131
2014-11-25,1.1386,1.11,1.132
2014-11-26,1.1419,1.114,1.132
2014-11-27,1.1438,1.121,1.131
2014-11-28,1.1453,1.12,1.132
2014-12-01,1.1411,1.117,1.131
2014-12-02,1.1558,1.132,1.132
2014-12-03,1.1562,1.129,1.131
2014-12-04,1.1796,1.143,1.136
2014-12-05,1.1822,1.149,1.134
2014-12-08,1.2048,1.16,1.144
2014-12-09,1.1466,1.129,1.117
2014-12-10,1.1534,1.147,1.129
2014-12-11,1.1358,1.132,1.127
2014-12-12,1.1402,1.138,1.097
2014-12-15,1.1444,1.144,1.098
2014-12-16,1.1693,1.157,1.106
2014-12-17,1.1768,1.159,1.112
2014-12-18,1.1827,1.158,1.114
2014-12-19,1.1871,1.159,1.126
2014-12-22,1.1988,1.157,1.144
2014-12-23,1.1838,1.16,1.137
2014-12-24,1.1668,1.169,1.135
2014-12-25,1.1868,1.176,1.145
2014-12-26,1.2143,1.183,1.153
2014-12-29,1.2244,1.194,1.16
2014-12-30,1.2262,1.194,1.158
2014-12-31,1.2435,1.203,1.167
2015-01-05,1.2644,1.212,1.178
2015-01-06,1.2613,1.205,1.179
2015-01-07,1.2823,1.209,1.18
2015-01-08,1.264,1.199,1.178
2015-01-09,1.2661,1.203,1.178
2015-01-12,1.2541,1.206,1.178
2015-01-13,1.2555,1.208,1.179
2015-01-14,1.2585,1.21,1.18
2015-01-15,1.2761,1.226,1.178
2015-01-16,1.2865,1.226,1.096
2015-01-19,1.2435,1.159,1.095
2015-01-20,1.2515,1.164,1.096
2015-01-21,1.1675,1.181,1.096
2015-01-22,1.1774,1.181,1.098
2015-01-23,1.1811,1.184,1.098
2015-01-26,1.1739,1.18,1.099
2015-01-27,1.1714,1.175,1.099
2015-01-28,1.1558,1.169,1.098
2015-01-29,1.148,1.168,1.097
2015-01-30,1.1368,1.165,1.097
2015-02-02,1.1103,1.155,1.097
2015-02-03,1.1176,1.164,1.099
2015-02-04,1.1175,1.162,1.099
2015-02-05,1.1138,1.162,1.099
2015-02-06,1.1071,1.16,1.097
2015-02-09,1.1108,1.162,1.098
2015-02-10,1.1179,1.159,1.1
2015-02-11,1.1206,1.162,1.1
2015-02-12,1.1225,1.163,1.071
2015-02-13,1.1308,1.165,1.073
2015-02-16,1.1346,1.168,1.075
2015-02-17,1.1355,1.174,1.076
2015-02-25,1.1318,1.17,1.08
2015-02-26,1.1417,1.175,1.086
2015-02-27,1.1401,1.171,1.085
2015-03-02,1.143,1.172,1.087
2015-03-03,1.1382,1.164,1.091
2015-03-04,1.1371,1.168,1.091
2015-03-05,1.1338,1.166,1.091
2015-03-06,1.1322,1.167,1.091
2015-03-09,1.1327,1.167,1.091
2015-03-10,1.1354,1.17,1.091
2015-03-11,1.1357,1.169,1.091
2015-03-12,1.1398,1.174,1.092
2015-03-13,1.1415,1.175,1.073
2015-03-16,1.158,1.18,1.074
2015-03-17,1.1677,1.181,1.074
2015-03-18,1.1721,1.184,1.075
2015-03-19,1.1719,1.185,1.075
2015-03-20,1.1753,1.189,1.076
2015-03-23,1.1825,1.196,1.077
2015-03-24,1.1758,1.195,1.077
2015-03-25,1.1688,1.19,1.075
2015-03-26,1.1592,1.182,1.074
2015-03-27,1.1591,1.188,1.074
2015-03-30,1.1647,1.189,1.072
2015-03-31,1.156,1.19,1.072
2015-04-01,1.1621,1.2,1.073
2015-04-02,1.1709,1.209,1.073
2015-04-03,1.1763,1.214,1.073
2015-04-07,1.1782,1.217,1.073
2015-04-08,1.1677,1.211,1.071
2015-04-09,1.15,1.208,1.07
2015-04-10,1.1566,1.213,1.071
2015-04-13,1.1638,1.215,1.073
2015-04-14,1.1593,1.09,1.074
2015-04-15,1.15,1.089,1.042
2015-04-16,1.1632,1.101,1.043
2015-04-17,1.1842,1.111,1.045
2015-04-20,1.1783,1.112,1.046
2015-04-21,1.1904,1.126,1.048
2015-04-22,1.2152,1.143,1.052
2015-04-23,1.2203,1.141,1.053
2015-04-24,1.2202,1.139,1.054
2015-04-27,1.2276,1.146,1.055
2015-04-28,1.2075,1.132,1.052
2015-04-29,1.2164,1.137,1.055
2015-04-30,1.2156,1.139,1.055
2015-05-04,1.2151,1.142,1.057
2015-05-05,1.1902,1.131,1.054
2015-05-06,1.1817,1.128,1.054
2015-05-07,1.1788,1.126,1.054
2015-05-08,1.1878,1.141,1.058
2015-05-11,1.2064,1.165,1.062
2015-05-12,1.221,1.186,1.065
2015-05-13,1.2166,1.182,1.064
2015-05-14,1.2223,1.194,1.066
2015-05-15,1.2179,1.194,1.052
2015-05-18,1.218,1.197,1.051
2015-05-19,1.2271,1.202,1.052
2015-05-20,1.2404,1.208,1.052
2015-05-21,1.2595,1.225,1.053
2015-05-22,1.2703,1.239,1.054
2015-05-25,1.2993,1.266,1.056
2015-05-26,1.3266,1.294,1.058
2015-05-27,1.3288,1.295,1.061
2015-05-28,1.2858,1.262,1.058
2015-05-29,1.2956,1.266,1.061
2015-06-01,1.3412,1.292,1.071
2015-06-02,1.3499,1.299,1.076
2015-06-03,1.3404,1.291,1.072
2015-06-04,1.3377,1.289,1.072
2015-06-05,1.3421,1.3,1.073
2015-06-08,1.3375,1.305,1.076
2015-06-09,1.345,1.311,1.079
2015-06-10,1.3344,1.3,1.074
2015-06-11,1.3281,1.296,1.071
2015-06-12,1.3341,1.306,1.057
2015-06-15,1.3455,1.307,1.055
2015-06-16,1.3222,1.286,1.052
2015-06-17,1.3227,1.292,1.053
2015-06-18,1.3016,1.272,1.049
2015-06-19,1.2715,1.246,1.045
2015-06-23,1.2624,1.25,1.047
2015-06-24,1.2733,1.262,1.052
2015-06-25,1.2526,1.249,1.046
2015-06-26,1.2204,1.211,1.039
2015-06-29,1.206,1.191,1.038
2015-06-30,1.2182,1.205,1.045
2015-07-01,1.2057,1.188,1.038
2015-07-02,1.1857,1.167,1.037
2015-07-03,1.1882,1.152,1.033
2015-07-06,1.1971,1.15,1.045
2015-07-07,1.1778,1.141,1.045
2015-07-08,1.1626,1.132,1.039
2015-07-09,1.1762,1.137,1.046
2015-07-10,1.1956,1.145,1.055
2015-07-13,1.2071,1.153,1.066
2015-07-14,1.2175,1.11,1.066
2015-07-15,1.2012,1.108,1.064
2015-07-16,1.2093,1.11,1.064
2015-07-17,1.2241,1.116,1.068
2015-07-20,1.2304,1.119,1.071
2015-07-21,1.2423,1.12,1.074
2015-07-22,1.2414,1.121,1.074
2015-07-23,1.2528,1.124,1.078
2015-07-24,1.2497,1.125,1.077
2015-07-27,1.2263,1.123,1.07
2015-07-28,1.2289,1.124,1.071
2015-07-29,1.2404,1.126,1.074
2015-07-30,1.229,1.126,1.071
2015-07-31,1.2263,1.127,1.069
2015-08-03,1.2141,1.127,1.068
2015-08-04,1.2294,1.128,1.071
2015-08-05,1.2251,1.129,1.071
2015-08-06,1.2233,1.132,1.072
2015-08-07,1.2345,1.135,1.076
2015-08-10,1.2516,1.137,1.08
2015-08-11,1.2457,1.135,1.077
2015-08-12,1.239,1.135,1.074
2015-08-13,1.2514,1.136,1.076
2015-08-14,1.25,1.137,1.056
2015-08-17,1.2509,1.14,1.056
2015-08-18,1.229,1.138,1.052
2015-08-19,1.2319,1.139,1.053
2015-08-20,1.2267,1.138,1.052
2015-08-21,1.219,1.137,1.051
2015-08-24,1.1992,1.136,1.043
2015-08-25,1.1897,1.134,1.041
2015-08-26,1.1884,1.134,1.044
2015-08-27,1.1909,1.136,1.048
2015-08-28,1.1946,1.138,1.05
2015-08-31,1.1929,1.137,1.051
2015-09-01,1.1915,1.137,1.05
2015-09-02,1.1915,1.136,1.05
2015-09-07,1.1921,1.137,1.051
2015-09-08,1.1963,1.139,1.055
2015-09-09,1.1987,1.14,1.057
2015-09-10,1.1952,1.14,1.056
2015-09-11,1.1967,1.141,1.056
2015-09-14,1.1922,1.14,1.056
2015-09-15,1.1888,1.14,1.052
2015-09-16,1.1958,1.142,1.052
2015-09-17,1.1946,1.142,1.052
2015-09-18,1.1967,1.142,1.052
2015-09-21,1.2014,1.143,1.053
2015-09-22,1.2023,1.143,1.053
2015-09-23,1.2004,1.143,1.053
2015-09-24,1.2019,1.143,1.053
2015-09-25,1.1987,1.145,1.052
2015-09-28,1.2,1.146,1.053
2015-09-29,1.1981,1.147,1.053
2015-09-30,1.1992,1.147,1.053
2015-10-08,1.2023,1.149,1.053
2015-10-09,1.2047,1.149,1.053
2015-10-12,1.212,1.15,1.054
2015-10-13,1.215,1.151,1.054
2015-10-14,1.2161,1.153,1.054
2015-10-15,1.2206,1.153,1.054
2015-10-16,1.2235,1.156,1.055
2015-10-19,1.2217,1.157,1.055
2015-10-20,1.2266,1.159,1.05
2015-10-21,1.2182,1.139,1.051
2015-10-22,1.2236,1.14,1.052
2015-10-23,1.2301,1.141,1.053
2015-10-26,1.2331,1.143,1.055
2015-10-27,1.237,1.144,1.056
2015-10-28,1.2334,1.145,1.055
2015-10-29,1.2327,1.146,1.054
2015-10-30,1.2352,1.146,1.055
2015-11-02,1.2272,1.146,1.053
2015-11-03,1.2284,1.146,1.053
2015-11-04,1.2413,1.147,1.057
2015-11-05,1.2442,1.146,1.059
2015-11-06,1.2537,1.147,1.064
2015-11-09,1.245,1.144,1.059
2015-11-10,1.2451,1.142,1.061
2015-11-11,1.2456,1.143,1.061
2015-11-12,1.2452,1.142,1.062
2015-11-13,1.2441,1.142,1.053
2015-11-16,1.2434,1.142,1.054
2015-11-17,1.2413,1.142,1.053
2015-11-18,1.238,1.141,1.05
2015-11-19,1.2411,1.141,1.054
2015-11-20,1.2439,1.142,1.056
2015-11-23,1.2455,1.142,1.054
2015-11-24,1.245,1.142,1.054
2015-11-25,1.2472,1.143,1.056
2015-11-26,1.247,1.143,1.057
2015-11-27,1.2427,1.142,1.054
2015-11-30,1.2433,1.143,1.054
2015-12-01,1.244,1.144,1.055
2015-12-02,1.2459,1.144,1.057
2015-12-03,1.2478,1.145,1.058
2015-12-04,1.2483,1.147,1.057
2015-12-07,1.2573,1.148,1.057
2015-12-08,1.2564,1.149,1.056
2015-12-09,1.2557,1.15,1.055
2015-12-10,1.256,1.149,1.056
2015-12-11,1.2563,1.15,1.055
2015-12-14,1.2579,1.151,1.051
2015-12-15,1.2574,1.151,1.05
2015-12-16,1.2578,1.152,1.051
2015-12-17,1.2588,1.153,1.053
2015-12-18,1.2589,1.153,1.053
2015-12-21,1.2614,1.156,1.056
2015-12-22,1.2631,1.157,1.057
2015-12-23,1.264,1.158,1.058
2015-12-24,1.2652,1.159,1.059
2015-12-25,1.266,1.159,1.059
2015-12-28,1.2658,1.159,1.056
2015-12-29,1.2662,1.16,1.056
2015-12-30,1.2663,1.161,1.056
2015-12-31,1.2666,1.161,1.056
2016-01-04,1.262,1.157,1.052
2016-01-05,1.261,1.155,1.05
2016-01-06,1.2633,1.156,1.049
2016-01-07,1.2605,1.155,1.043
2016-01-08,1.2625,1.156,1.045
2016-01-11,1.2607,1.155,1.041
2016-01-12,1.2636,1.157,1.044
2016-01-13,1.2642,1.157,1.045
2016-01-14,1.2655,1.159,1.049
2016-01-15,1.2643,1.138,1.04
2016-01-18,1.2642,1.138,1.036
2016-01-19,1.2632,1.138,1.026
2016-01-20,1.2623,1.137,1.012
2016-01-21,1.2613,1.137,1.01
2016-01-22,1.2632,1.138,1.012
2016-01-25,1.0522,1.137,1.018
2016-01-26,1.0498,1.136,1.011
2016-01-27,1.0474,1.135,1.011
2016-01-28,1.046,1.135,1.011
2016-01-29,1.0471,1.136,1.015
2016-02-01,1.0469,1.136,1.014
2016-02-02,1.0467,1.136,1.018
2016-02-03,1.0465,1.136,1.019
2016-02-04,1.0472,1.136,1.022
2016-02-05,1.0475,1.136,1.022
2016-02-15,1.0496,1.137,1.022
2016-02-16,1.0501,1.137,1.03
2016-02-17,1.0506,1.137,1.033
2016-02-18,1.0514,1.138,1.035
2016-02-19,1.0523,1.138,1.034
2016-02-22,1.053,1.138,1.034
2016-02-23,1.0534,1.139,1.033
2016-02-24,1.0532,1.139,1.031
2016-02-25,1.0521,1.138,1.026
2016-02-26,1.0521,1.138,1.026
2016-02-29,1.0518,1.138,1.022
2016-03-01,1.0529,1.139,1.024
2016-03-02,1.0547,1.139,1.03
2016-03-03,1.0555,1.139,1.028
2016-03-04,1.0553,1.139,1.027
2016-03-07,1.0565,1.14,1.028
2016-03-08,1.0571,1.14,1.029
2016-03-09,1.0574,1.14,1.028
2016-03-10,1.0578,1.141,1.027
2016-03-11,1.0597,1.141,1.027
2016-03-14,1.0604,1.141,1.029
2016-03-15,1.0611,1.141,1.029
2016-03-16,1.0614,1.142,1.029
2016-03-17,1.0625,1.142,1.031
2016-03-18,1.0644,1.142,1.037
2016-03-21,1.0647,1.142,1.039
2016-03-22,1.0645,1.142,1.039
2016-03-23,1.065,1.143,1.038
2016-03-24,1.0648,1.143,1.038
2016-03-25,1.0651,1.143,1.038
2016-03-28,1.0643,1.143,1.037
2016-03-29,1.0635,1.143,1.036
2016-03-30,1.0639,1.143,1.037
2016-03-31,1.0643,1.143,1.036
2016-04-01,1.0645,1.143,1.036
2016-04-05,1.0656,1.144,1.039
2016-04-06,1.0656,1.144,1.039
2016-04-07,1.0652,1.143,1.038
2016-04-08,1.0643,1.143,1.037
2016-04-11,1.0648,1.143,1.039
2016-04-12,1.0633,1.143,1.038
2016-04-13,1.0629,1.142,1.04
2016-04-14,1.0604,1.141,1.039
2016-04-15,1.0594,1.126,1.038
2016-04-18,1.0589,1.126,1.038
2016-04-19,1.0582,1.126,1.037
2016-04-20,1.0561,1.125,1.036
2016-04-21,1.0544,1.124,1.035
2016-04-22,1.0521,1.123,1.034
2016-04-25,1.0493,1.122,1.033
2016-04-26,1.0475,1.122,1.032
2016-04-27,1.0487,1.122,1.032
2016-04-28,1.0491,1.123,1.032
2016-04-29,1.0496,1.123,1.032
2016-05-03,1.0517,1.124,1.035
2016-05-04,1.0521,1.124,1.035
2016-05-05,1.0532,1.125,1.035
2016-05-06,1.0529,1.125,1.034
2016-05-09,1.0531,1.126,1.032
2016-05-10,1.0539,1.126,1.033
2016-05-11,1.0542,1.126,1.033
2016-05-12,1.0548,1.126,1.034
2016-05-13,1.0555,1.127,1.034
2016-05-16,1.0562,1.127,1.035
2016-05-17,1.0562,1.127,1.034
2016-05-18,1.0558,1.126,1.032
2016-05-19,1.0556,1.126,1.03
2016-05-20,1.0553,1.126,1.031
2016-05-23,1.0557,1.127,1.031
2016-05-24,1.0558,1.127,1.031
2016-05-25,1.0559,1.127,1.031
2016-05-26,1.0562,1.127,1.031
2016-05-27,1.0564,1.127,1.031
2016-05-30,1.0568,1.127,1.031
2016-05-31,1.0572,1.128,1.034
2016-06-01,1.0579,1.128,1.035
2016-06-02,1.0581,1.127,1.035
2016-06-03,1.0584,1.128,1.035
2016-06-06,1.0589,1.129,1.036
2016-06-07,1.0586,1.129,1.031
2016-06-08,1.0587,1.128,1.032
2016-06-13,1.0592,1.129,1.031
2016-06-14,1.06,1.129,1.032
2016-06-15,1.0615,1.13,1.034
2016-06-16,1.0618,1.13,1.033
2016-06-17,1.0619,1.131,1.034
2016-06-20,1.0624,1.131,1.035
2016-06-21,1.0619,1.131,1.034
2016-06-22,1.0626,1.132,1.035
2016-06-23,1.0633,1.132,1.036
2016-06-24,1.0634,1.133,1.035
2016-06-27,1.0644,1.134,1.036
2016-06-28,1.0649,1.134,1.037
2016-06-29,1.0652,1.134,1.039
2016-06-30,1.0657,1.134,1.039
2016-07-01,1.0662,1.136,1.04
2016-07-04,1.0681,1.136,1.044
2016-07-05,1.0684,1.137,1.044
2016-07-06,1.0695,1.137,1.045
2016-07-07,1.0713,1.138,1.045
2016-07-08,1.0716,1.138,1.045
2016-07-11,1.072,1.138,1.044
2016-07-12,1.0721,1.139,1.045
2016-07-13,1.0731,1.139,1.048
2016-07-14,1.0737,1.129,1.048
2016-07-15,1.0735,1.129,1.048
2016-07-18,1.0737,1.129,1.047
2016-07-19,1.0739,1.13,1.047
2016-07-20,1.075,1.131,1.048
2016-07-21,1.0754,1.133,1.051
2016-07-22,1.0751,1.132,1.05
2016-07-25,1.0746,1.131,1.05
2016-07-26,1.0751,1.132,1.052
2016-07-27,1.0747,1.132,1.049
2016-07-28,1.0751,1.132,1.049
2016-07-29,1.0752,1.132,1.046
2016-08-01,1.0756,1.133,1.044
2016-08-02,1.0763,1.133,1.044
2016-08-03,1.0771,1.133,1.046
2016-08-04,1.0778,1.134,1.048
2016-08-05,1.0784,1.135,1.049
2016-08-08,1.0791,1.136,1.051
2016-08-09,1.0797,1.138,1.052
2016-08-10,1.0808,1.139,1.053
2016-08-11,1.0804,1.138,1.054
2016-08-12,1.0811,1.141,1.056
2016-08-15,1.0831,1.145,1.065
2016-08-16,1.0836,1.144,1.067
2016-08-17,1.0837,1.143,1.066
2016-08-18,1.0842,1.143,1.068
2016-08-19,1.0843,1.142,1.067
2016-08-22,1.0839,1.141,1.064
2016-08-23,1.0832,1.14,1.062
2016-08-24,1.0825,1.139,1.06
2016-08-25,1.0821,1.138,1.061
2016-08-26,1.082,1.138,1.063
2016-08-29,1.0818,1.138,1.063
2016-08-30,1.081,1.136,1.063
2016-08-31,1.0812,1.137,1.063
2016-09-01,1.0809,1.137,1.061
2016-09-02,1.0809,1.136,1.061
2016-09-05,1.0815,1.137,1.062
2016-09-06,1.0825,1.137,1.064
2016-09-07,1.0829,1.135,1.066
2016-09-08,1.0836,1.135,1.067
2016-09-09,1.0839,1.135,1.066
2016-09-12,1.0829,1.133,1.063
2016-09-13,1.0833,1.133,1.062
2016-09-14,1.0836,1.133,1.061
2016-09-19,1.0838,1.135,1.06
2016-09-20,1.0839,1.136,1.06
2016-09-21,1.0839,1.135,1.061
2016-09-22,1.0847,1.137,1.064
2016-09-23,1.0849,1.139,1.063
2016-09-26,1.0843,1.137,1.059
2016-09-27,1.0842,1.137,1.06
2016-09-28,1.0842,1.137,1.06
2016-09-29,1.0848,1.137,1.062
2016-09-30,1.0852,1.139,1.063
2016-10-10,1.0873,1.145,1.066
2016-10-11,1.0877,1.146,1.066
2016-10-12,1.0876,1.146,1.066
2016-10-13,1.0883,1.146,1.066
2016-10-14,1.0888,1.147,1.068
2016-10-17,1.0891,1.148,1.067
2016-10-18,1.0904,1.151,1.07
2016-10-19,1.091,1.151,1.072
2016-10-20,1.0921,1.153,1.072
2016-10-21,1.0922,1.142,1.066
2016-10-24,1.0918,1.146,1.068
2016-10-25,1.0915,1.15,1.068
2016-10-26,1.0899,1.144,1.067
2016-10-27,1.0893,1.143,1.064
2016-10-28,1.0908,1.144,1.065
2016-10-31,1.0896,1.143,1.066
2016-11-01,1.0897,1.142,1.067
2016-11-02,1.0897,1.138,1.067
2016-11-03,1.0904,1.138,1.068
2016-11-04,1.0909,1.138,1.069
2016-11-07,1.0912,1.144,1.069
2016-11-08,1.0913,1.141,1.07
2016-11-09,1.0911,1.144,1.07
2016-11-10,1.0908,1.144,1.072
2016-11-11,1.0905,1.152,1.076
2016-11-14,1.0895,1.159,1.071
2016-11-15,1.0882,1.154,1.071
2016-11-16,1.0876,1.154,1.071
2016-11-17,1.0863,1.152,1.07
2016-11-18,1.0858,1.149,1.07
2016-11-21,1.0861,1.148,1.072
2016-11-22,1.0864,1.155,1.073
2016-11-23,1.0863,1.152,1.073
2016-11-24,1.0862,1.155,1.074
2016-11-25,1.0864,1.158,1.075
2016-11-28,1.0867,1.16,1.075
2016-11-29,1.085,1.153,1.072
2016-11-30,1.0821,1.147,1.069
