,Returns,RiskAversions,Risks
0,-0.03619793479677988,11.520818358976891,0.10813011097388733
1,-0.0361434203862838,11.459878049931675,0.10817411955159996
2,-0.03600432546614503,11.399260089625146,0.10828663209888269
3,-0.035820886106721885,11.338962772967317,0.10843554272245733
4,-0.03564063809750647,11.278984403887462,0.10858243525009223
5,-0.03545700739740896,11.219323295286308,0.10873266980986684
6,-0.035271067081469085,11.159977768988686,0.10888539433468705
7,-0.035086068860465294,11.100946155696226,0.10903793667426848
8,-0.03489951922713608,11.04222679494047,0.10919235723998559
9,-0.034711851158452094,10.983818035036126,0.10934830741861747
10,-0.03452313912109872,10.925718233034651,0.10950573308670286
11,-0.03433340115374102,10.86792575467801,0.10966462653690746
12,-0.03414264280808871,10.81043897435269,0.10982499033480692
13,-0.033950864300922375,10.753256275043993,0.10998683146770338
14,-0.033757042644518814,10.696376048290583,0.11015103622751941
15,-0.03356346975829413,10.639796694139179,0.11031564630830003
16,-0.033368784469808246,10.583516621099585,0.11048183254696056
17,-0.033173014732545365,10.527534246099943,0.11064957883740258
18,-0.03297617214829531,10.471847994442186,0.1108188828147887
19,-0.032778260506001355,10.416456299757714,0.11098974870658919
20,-0.03257928000952172,10.361357603963365,0.11116218376266965
21,-0.032379228604999734,10.306550357217615,0.11133619721076086
22,-0.03217810339300536,10.252033017876924,0.11151179896964562
23,-0.03197590079265626,10.197804052452401,0.11168899955973248
24,-0.03177261673912319,10.143861935566697,0.1118678099399485
25,-0.031568246795443344,10.090205149911036,0.11204824141627234
26,-0.03136278622961931,10.036832186202604,0.11223030557872583
27,-0.03115623007136636,9.983741543142035,0.11241401425488545
28,-0.030948572947364923,9.930931727371226,0.11259937969276002
29,-0.030739809808984615,9.878401253431297,0.11278641380581915
30,-0.030529935174014852,9.82614864372084,0.1129751289654514
31,-0.030318943408846874,9.774172428454337,0.11316553771805857
32,-0.030106828792085406,9.722471145620803,0.11335765272125359
33,-0.029893585526617087,9.671043340942708,0.11355148673375627
34,-0.029679207747600897,9.619887567835027,0.11374705260873534
35,-0.029463689528624833,9.569002387364558,0.11394436328862795
36,-0.029247024889445764,9.518386368209462,0.11414343179833551
37,-0.02902920779855985,9.468038086619,0.11434427124308331
38,-0.028810232178670916,9.417956126373458,0.11454689480342316
39,-0.028590091909125794,9.368139078744347,0.11475131573294843
40,-0.028368780827934866,9.31858554245478,0.11495754735643615
41,-0.02814629273334275,9.269294123639988,0.1151656030682288
42,-0.02792262138637544,9.220263435808214,0.1153754963297425
43,-0.027697760510507173,9.17149209980164,0.11558724066956026
44,-0.027471703793142472,9.122978743757614,0.11580084968184873
45,-0.027244444885841622,9.074722003070066,0.1160163370259523
46,-0.027015977404716594,9.026720520351132,0.11623371642585945
47,-0.026786294929988345,8.978972945392941,0.11645300167066525
48,-0.026555391007967347,8.931477935129672,0.11667420661128483
49,-0.026323259149328426,8.884234153599762,0.11689734516270399
50,-0.026089892829488433,8.837240271908327,0.11712243130363684
51,-0.025855285488406578,8.790494968189751,0.11734947907608219
52,-0.025619430530951774,8.743996927570576,0.11757850258469213
53,-0.025382321326350762,8.697744842132458,0.11780951599716633
54,-0.0251439512083216,8.651737410875375,0.11804253354383455
55,-0.024904313475079078,8.605973339681075,0.11827756951665974
56,-0.02466340138882169,8.560451341276655,0.11851463827041869
57,-0.024421208175545255,8.515170135198327,0.11875375422238106
58,-0.02417772702508493,8.470128447755416,0.11899493185177254
59,-0.023932951090848503,8.42532501199457,0.11923818569984522
60,-0.02368687348945263,8.380758567664062,0.11948353037021324
61,-0.02343948729294037,8.336427861178368,0.11973098054869344
62,-0.023190785553935993,8.292331645582937,0.11998055093817739
63,-0.022940761278319816,8.248468680519048,0.12023225632685655
64,-0.02268940743460407,8.204837732188984,0.12048611156427441
65,-0.022436716953735704,8.16143757332129,0.12074213156140468
66,-0.022182682729053736,8.118266983136284,0.12100033129028444
67,-0.021927297615964438,8.07532474731166,0.12126072578417728
68,-0.02167055443167281,8.032609657948393,0.1215233301371594
69,-0.021412445955302704,7.990120513536751,0.12178815950442116
70,-0.021152964926249147,7.947856118922457,0.12205522910583079
71,-0.02089210404246061,7.905815285273118,0.12232455423490049
72,-0.020629855973863315,7.863996830044762,0.12259615020229862
73,-0.020366213343915356,7.822399576948586,0.12287003240619006
74,-0.02010116873695562,7.781022355917848,0.12314621630510623
75,-0.019834714697775195,7.739864003074984,0.12342471741772389
76,-0.019566843731570423,7.698923360698852,0.12370555132282848
77,-0.019297548303672106,7.658199277192159,0.12398873365922439
78,-0.01902682083930361,7.6176906070490995,0.12427428012563052
79,-0.01875465372344651,7.577396210823105,0.12456220648070082
80,-0.018481039301472477,7.537314955094795,0.12485252854497526
81,-0.018205969882193536,7.497445712440113,0.12514526220807018
82,-0.017929437722764233,7.457787361398606,0.12544042339359043
83,-0.01765143504488565,7.418338786441866,0.1257380280986205
84,-0.01737195402881516,7.379098877942169,0.12603809237967772
85,-0.01709098681328969,7.340066532141271,0.12634063235259899
86,-0.016808525495164615,7.301240651119325,0.12664566419264464
87,-0.01652456212924847,7.262620142764033,0.12695320413426686
88,-0.0162390887282303,7.2242039207399165,0.1272632684710713
89,-0.015952097262166485,7.185990904457746,0.12757587355589475
90,-0.01566357965851674,7.147980019044168,0.12789103580055733
91,-0.015373527801900013,7.110170195311457,0.128208771675812
92,-0.015081933533504573,7.072560369727435,0.1285290977116062
93,-0.014788788651347366,7.0351494843855695,0.1288520304967243
94,-0.014494084909809583,6.99793648697522,0.12917758667883802
95,-0.01419781402544908,6.9609203307520255,0.12950578297341617
96,-0.013899967663550086,6.924099974508441,0.129836636143352
97,-0.01360053744195069,6.887474382544508,0.13017016300565676
98,-0.013299514938124663,6.851042524638673,0.1305063804436306
99,-0.012996891685063898,6.814803376018814,0.13084530539867847
100,-0.012692659170381669,6.778755917333435,0.13118695487147683
101,-0.012386808836804823,6.742899134622993,0.131531345921012
102,-0.01207933208126609,6.7072320192913475,0.1318784956653644
103,-0.011770220255152671,6.671753568077412,0.1322284212811005
104,-0.011459464663801624,6.636462783026948,0.13258114000379317
105,-0.01114705656646206,6.601358671464462,0.13293666912760863
106,-0.010832987176391948,6.566440245965296,0.1332950260063873
107,-0.010517247658846075,6.531706524327875,0.13365622805100422
108,-0.010199829132990168,6.497156529546037,0.1340202927320399
109,-0.0098807226704388,6.462789289781586,0.13438723757923518
110,-0.009559919295719116,6.428603838336939,0.13475708018098753
111,-0.009237409988152784,6.39459921362795,0.1351298381868812
112,-0.008913185674418261,6.360774459156835,0.13550552930141543
113,-0.008587237234961503,6.327128623485283,0.1358841712896639
114,-0.008259555501947288,6.293660760207714,0.13626578197644346
115,-0.007930131258621437,6.2603699279246126,0.1366503792458168
116,-0.007598955239750224,6.227255190216089,0.1370379810407585
117,-0.007266018130576663,6.194315615615517,0.13742860536390364
118,-0.006931310567051974,6.161550277583344,0.13782227027723304
119,-0.006594823135574312,6.128958254481013,0.13821899390208903
120,-0.006256546372233784,6.09653862954506,0.13861879441985442
121,-0.005916470763450164,6.0642904908613176,0.13902169007109574
122,-0.0055745867447657485,6.032212931339246,0.13942769915663594
123,-0.005230884701181306,6.00030504868646,0.13983684003724747
124,-0.004885354966972882,5.9685659453832995,0.14024913113332568
125,-0.004537987825266432,5.936994728657629,0.14066459092546027
126,-0.0041887735074383516,5.905590510459685,0.14108323795503092
127,-0.003837702193518207,5.874352407437129,0.1415050908234314
128,-0.003484764011829143,5.843279540910185,0.14193016819207668
129,-0.0031299490379097274,5.812371036846914,0.14235848878427512
130,-0.0027732472960221265,5.7816260258386585,0.14279007138251612
131,-0.002414648757215497,5.751043643075554,0.1432249348310745
132,-0.002054143340482168,5.720623028322225,0.14366309803426952
133,-0.0016917209107029096,5.690363325893584,0.14410457995892395
134,-0.0013273712811965842,5.660263684630749,0.1445493996311514
135,-0.0009610842109894213,5.630323257877123,0.14499757613944317
136,-0.0005928494063667938,5.600541203454567,0.1454491286326969
137,-0.00022265652051240564,5.570916683639703,0.1459040763206018
138,0.00014950484724567115,5.541448865140366,0.14636243847426192
139,0.000523645150188528,5.512136919072164,0.14682423442481934
140,0.0008997748946206578,5.482980020935149,0.1472894835635816
141,0.0012779046388122217,5.4539773505906295,0.14775820534064893
142,0.0016580449933369587,5.42512809223811,0.14823041926526387
143,0.0020402066174149344,5.396431434392341,0.1487061449011924
144,0.0024244002188922933,5.367886569860482,0.14918540186633156
145,0.0028106365505888437,5.339492695719408,0.14966820982810816
146,0.0031989264050145683,5.311249013293132,0.15015458849661878
147,0.0035892806080879483,5.283154728130315,0.15064455761641296
148,0.003981710011310154,5.255209049981931,0.15113813695627157
149,0.004376225472869082,5.22741119277906,0.15163534628495884
150,0.004772837842343641,5.19976037461074,0.15213620535105785
151,0.005171557931476452,5.17225581770199,0.15264073384503746
152,0.0055723964743102025,5.144896748391951,0.153148951347304
153,0.0059753640685140524,5.117682397112085,0.1536608772516887
154,0.0063804709860248235,5.090611998364569,0.15417653053400576
155,0.006787727243814896,5.063684790700722,0.15469592981500271
156,0.007197142387969164,5.036900016699632,0.15521909309023105
157,0.0076087252246649015,5.010256922946809,0.15574603738378925
158,0.008022482523734956,4.983754760013009,0.15627677714667718
159,0.008438420421899042,4.957392782433175,0.15681132588189273
160,0.008856542473315528,4.931170248685424,0.1573496937229559
161,0.009276847905509842,4.90508642117023,0.15789188514879043
162,0.009699327777125573,4.879140566189654,0.15843789394902125
163,0.010123951189217568,4.8533319539267135,0.15898768528452503
164,0.010550625880167076,4.827659858424849,0.15954114432963742
165,0.010981604777321796,4.802123557567512,0.16010119367720418
166,0.011413324509804097,4.7767223330578465,0.16066323131781457
167,0.011847302653937297,4.751455470398486,0.1612292228444889
168,0.012283485103398759,4.726322258871461,0.16179910273786988
169,0.012721569223838193,4.7013219915181885,0.16237247950262473
170,0.01315803420352302,4.676453965119621,0.16294473864137748
171,0.013606136603662635,4.651717480176429,0.16353327056817368
172,0.014051540033850979,4.627111840889349,0.1641192813811326
173,0.014346340593715416,4.602636355139605,0.16450770196026063
174,0.01436550863966966,1.6625191801269814,0.16453297143165946
175,0.014377976094739155,1.6537251492279876,0.16457875347142947
176,0.014408015447379734,1.6449776350732093,0.1646893996618382
177,0.014439809366422411,1.6362763916085294,0.1648070291964071
178,0.014472217021883789,1.6276211740813546,0.16492747898773683
179,0.01450461513902741,1.6190117390337349,0.1650484467559605
180,0.014538548778032723,1.6104478442955055,0.16517574479919253
181,0.01456994254730615,1.6019292489774837,0.16529404341678106
182,0.014603047902028394,1.5934557134646896,0.1654193569707074
183,0.01463596920883561,1.5850269994096033,0.16554453968506594
184,0.01466927447554036,1.5766428697254693,0.16567175875019727
185,0.014702708567610974,1.5683030885796159,0.16580004953290842
186,0.014736324345152235,1.560007421386831,0.16592962236651587
187,0.014771164789422551,1.551755634802759,0.16606454208228608
188,0.014804758465113931,1.5435474967173388,0.16619521574388976
189,0.014838686218079586,1.5353827762482748,0.1663277801829602
190,0.014872903802545856,1.52726124373454,0.16646207696362378
191,0.014907355145092845,1.5191826707299207,0.16659789805036987
192,0.01494201632428458,1.5111468299965873,0.16673515922252058
193,0.014976879591569275,1.503153495498702,0.16687383913817097
194,0.01501194382808737,1.4952024423960626,0.16701394250361898
195,0.015047203183397112,1.4872934470377803,0.1671554549387266
196,0.015082649421953837,1.4794262869559816,0.1672983520195735
197,0.01511829098367009,1.4716007408595573,0.16744267640977054
198,0.015154123533795031,1.4638165886279353,0.16758841930802568
199,0.015190149163493906,1.4560736113048898,0.16773559791234674
200,0.01522636801643365,1.4483715910923798,0.1678842215629998
201,0.01526277849078032,1.440710311344427,0.16803429240078752
202,0.015299386418325341,1.4330895565610189,0.16818584329070912
203,0.015336188866363218,1.4255091123820476,0.1683388709983944
204,0.015373186532320612,1.417968765581281,0.1684933872674707
205,0.01541091939621194,1.4104683040603647,0.16865168594154392
206,0.015448225822532257,1.4030075168428546,0.16880886930469644
207,0.015485750389238974,1.3955861940682848,0.1689676623020276
208,0.01552348951738377,1.3882041269862642,0.16912805972268438
209,0.015561438387304671,1.3808611079506015,0.16929005080573997
210,0.01559959755606058,1.3735569304134685,0.16945364754729825
211,0.01563796558214687,1.3662913889195911,0.1696188533678028
212,0.015676543161806538,1.3590642791004608,0.16978568084728005
213,0.01571532875790049,1.3518753976686002,0.16995413289574354
214,0.015754323998459958,1.3447245424118337,0.17012422614009112
215,0.01579352932334851,1.3376115121876053,0.17029597210739422
216,0.015832944997040115,1.3305361069173167,0.17046938157732902
217,0.015872572497093826,1.3234981275807036,0.17064447071240532
218,0.015912412197478007,1.3164973762102359,0.17082125086995173
219,0.015952465260553682,1.3095336558855466,0.1709997369462092
220,0.015992733085732652,1.3026067707278968,0.17117994498185507
221,0.01603321587825989,1.2957165258946657,0.17136188573772654
222,0.016073915233151225,1.2888627275738656,0.17154557624124872
223,0.016114831437057508,1.2820451829786927,0.17173102770082768
224,0.016155965847881187,1.275263700342109,0.17191825621911275
225,0.01619732008445164,1.268518088911439,0.17210727918347796
226,0.016238894731337453,1.2618081589430121,0.17229810933326523
227,0.016280691225640628,1.2551337216968212,0.17249076337474759
228,0.016322710023057893,1.2484945894312152,0.1726852535564172
229,0.016364952775267776,1.2418905753976184,0.172881597715049
230,0.016407420602666676,1.2353214938352748,0.17307981131239297
231,0.016450114714276043,1.2287871599660272,0.17327991029451997
232,0.016493035822577905,1.2222873899891167,0.1734819083402282
233,0.016536185513468873,1.215822001076014,0.17368582329942822
234,0.01657956485250086,1.209390811365276,0.17389167065033745
235,0.016623175041310452,1.20299363995743,0.1740994665822397
236,0.01666701746192711,1.196630306909886,0.17430922822060269
237,0.01671109297894606,1.1903006332318764,0.1745209702848785
238,0.016755403037208315,1.1840044408794173,0.1747347103425981
239,0.016799948964670807,1.1777415527503046,0.17495046548264523
240,0.016844731723425592,1.1715117926791316,0.17516825108952125
241,0.016889752736834896,1.1653149854323324,0.17538808485374605
242,0.016935013313882002,1.159150956703251,0.1756099839886746
243,0.01698051452069715,1.1530195331072435,0.17583396458482195
244,0.017026257751007023,1.1469205421767978,0.1760600444100838
245,0.01707224441864391,1.140853812356681,0.17628824141264696
246,0.01711847551403062,1.1348191729991175,0.17651857150813902
247,0.017164952482895953,1.1288164543589863,0.17675105294132004
248,0.01721167684782802,1.1228454875890472,0.17698570442528838
249,0.01725864950403954,1.1169061047351918,0.17722254159067952
250,0.017305871999431358,1.110998138731717,0.1774615834159012
251,0.017353345656008948,1.1051214233966289,0.1777028478170844
252,0.017401071776038255,1.0992757934269664,0.17794635267855008
253,0.01744905170360359,1.093461084394152,0.17819211616588468
254,0.01749728686151604,1.0876771327393666,0.17844015691947565
255,0.017545778547059646,1.0819237757689475,0.17869049300503592
256,0.01759452805732104,1.0762008516498167,0.17894314255103597
257,0.01764353687193945,1.0705081994049217,0.17919812470018742
258,0.017692806230937483,1.0648456589087132,0.17945545741797395
259,0.01774233765510328,1.0592130708826393,0.1797151602011064
260,0.017792132527458662,1.0536102768906646,0.17997725189789782
261,0.01784219216593082,1.0480371193348128,0.18024175107805138
262,0.01789251797427771,1.042493441450737,0.1805086768272196
263,0.01794311152416295,1.036979087303307,0.18077804919259502
264,0.017994118847802276,1.0314939017822247,0.18105072976886732
265,0.018045238004723338,1.0260377305976591,0.18132497770627465
266,0.018096630269832048,1.0206104202759108,0.18160173590446427
267,0.018148296738650715,1.015211818155089,0.18188102210210408
268,0.018200238850126328,1.009841772380822,0.18216285601790294
269,0.018252458094169997,1.0045001319019842,0.18244725780161083
270,0.018304956047247887,0.9991867464664468,0.18273424844557432
271,0.018357733928783024,0.9939014666168522,0.18302384606083077
272,0.018410793084248714,0.9886441436864094,0.18331607011137419
273,0.0184641350626915,0.9834146297947122,0.18361094121130878
274,0.018517761345443185,0.9782127778435813,0.18390847967437193
275,0.018571673377988766,0.973038441512924,0.18420870567729647
276,0.018625872663103223,0.9678914752566192,0.1845116397730455
277,0.01868036070208815,0.9627717342984259,0.18481730256519832
278,0.01873513901311194,0.9576790746279069,0.18512571481001303
279,0.018790209082334038,0.9526133529963805,0.1854368971402271
280,0.018845572453886683,0.9475744269128912,0.18575087057175818
281,0.018901230626848092,0.9425621546402,0.18606765592095212
282,0.0189571851616004,0.9375763951907999,0.18638727440736894
283,0.019013437575628737,0.9326170083229481,0.18670974706045937
284,0.019069989438750365,0.9276838545367206,0.18703509526287926
285,0.019126842280563813,0.9227767950700931,0.1873633402194927
286,0.019183997661775625,0.9178956918950306,0.1876945033663173
287,0.019241457154337477,0.913040407713611,0.18802860625724785
288,0.019299221676411144,0.90821080595416,0.1883656696602422
289,0.019357292669339575,0.90340675076741,0.1887057141309522
290,0.019415672207791435,0.8986281070226804,0.18904876166630988
291,0.01947436185557429,0.8938747403040737,0.18939483395631054
292,0.01953336316633328,0.8891465169066973,0.18974395267668334
293,0.019592677739105807,0.8844433038329018,0.19009613981634313
294,0.0196523070968381,0.8797649687885386,0.1904514169551166
295,0.019712252866090484,0.8751113801792408,0.19080980633035485
296,0.019772516568450776,0.8704824071067206,0.19117132959236013
297,0.019833099807966968,0.8658779193650865,0.19153600892213574
298,0.019894004173513925,0.8612977874371828,0.19190386644752705
299,0.019955231179071473,0.8567418824909443,0.19227492387759162
300,0.020016782516229965,0.8522100763757744,0.19264920403147331
301,0.02007865971430626,0.8477022416189394,0.19302672877797056
302,0.02014086434169599,0.8432182514219825,0.1934075202522522
303,0.020203398004639203,0.8387579796571577,0.19379160085094224
304,0.020266262343287867,0.8343213008638833,0.19417899322401344
305,0.020329457558395138,0.8299080902452095,0.194569712429186
306,0.020392986011374858,0.8255182236643122,0.19496378474800408
307,0.020456849121941487,0.8211515776409976,0.1953612314827769
308,0.0205212971272473,0.8168080293482314,0.19576354360412074
309,0.020585869538206732,0.8124874566086828,0.19616802627400265
310,0.0206507853248884,0.8081897378912872,0.1965759765691874
311,0.020716046108707285,0.8039147523078294,0.19698741741094034
312,0.020781653965473226,0.7996623796095419,0.19740237462155283
313,0.02084761065691689,0.7954325001837229,0.19782087208510257
314,0.02091391798591311,0.791224995050372,0.1982429339789713
315,0.02098057790151795,0.7870397458588427,0.19866858544812244
316,0.021047592292291948,0.7828766348845144,0.1990978512923983
317,0.02111496278724624,0.7787355450254803,0.19953075467796066
318,0.021182691485718094,0.7746163597992531,0.1999673218253744
319,0.021250779946668227,0.7705189633394903,0.2004075755023705
320,0.021319230464097998,0.7664432403927331,0.20085154325882704
321,0.02138804458516161,0.7623890763151656,0.2012992478422276
322,0.02145722439924315,0.7583563570693895,0.20175071554676913
323,0.02152677165526503,0.7543449692212166,0.20220597047936648
324,0.0215966881046361,0.7503547999364782,0.20266503677969352
325,0.021666975292200675,0.7463857369778514,0.2031279372403608
326,0.02173763569442751,0.7424376687017008,0.20359470081516215
327,0.021808670157414556,0.7385104840549408,0.2040653457103422
328,0.021880081389688492,0.7346040725719087,0.20453990246738238
329,0.02195187024958548,0.7307183243712593,0.20501838936425776
330,0.022024037360611204,0.7268531301528744,0.20550082304580217
331,0.022096586314027583,0.7230083811947867,0.20598724000322735
332,0.022169516669344223,0.7191839693501233,0.20647764972891386
333,0.022242829890498143,0.7153797870440627,0.20697207440996604
334,0.02231652759472239,0.7115957272708094,0.20747053725416678
335,0.022390609239282586,0.7078316835905842,0.20797304679293913
336,0.022465074745894487,0.7040875501266284,0.20847961454622374
337,0.022539920780145394,0.7003632215622284,0.20899022966253486
338,0.02261514808081492,0.6966585931377517,0.20950490883759626
339,0.022690740543893487,0.6929735606476998,0.21002355304431058
340,0.022766683739075234,0.6893080204377784,0.21054607356182148
341,0.022842941741124213,0.6856618694019807,0.21107223219802448
342,0.022920789840000375,0.6820350049796878,0.2116108329309608
343,0.022998113741965517,0.6784273251527834,0.21214733556599247
344,0.023075845904870586,0.6748387284427839,0.21268816364139448
345,0.023153987702437245,0.6712691139079852,0.21323333890147783
346,0.023232526994323252,0.6677183811406223,0.2137827883876137
347,0.023311479792143947,0.6641864302640451,0.21433663583312138
348,0.023390803031710906,0.660673161929909,0.21489458999039202
349,0.02347047552479406,0.6571784773153815,0.2154565109079495
350,0.02355032869179215,0.6537022781203603,0.21602121403859625
351,0.023629887948660125,0.6502444665647107,0.216585331910054
352,0.02371284034671872,0.6468049453855129,0.21717505037317023
353,0.023794306772914078,0.6433836178343281,0.21775576936710597
354,0.023875754594930958,0.6399803876744761,0.21833787697862814
355,0.02395874209873188,0.636595159178328,0.21893253378214125
356,0.024041622513954267,0.6332278371246143,0.21952797515606426
357,0.024119014682481288,0.6298783267957464,0.220085374644841
358,0.024127473221206,0.1,0.22014646086132644
