Date,050002.OF,159915.OF,165511.OF
2012-01-04,0.6339,0.709,0.684
2012-01-05,0.6282,0.6693,0.659
2012-01-06,0.6318,0.6715,0.66
2012-01-09,0.652,0.6953,0.687
2012-01-10,0.6723,0.7193,0.715
2012-01-11,0.6692,0.7207,0.715
2012-01-12,0.6692,0.7127,0.715
2012-01-13,0.6586,0.6689,0.695
2012-01-16,0.6456,0.6368,0.678
2012-01-17,0.6758,0.6655,0.709
2012-01-18,0.6658,0.6278,0.697
2012-01-19,0.678,0.6356,0.704
2012-01-20,0.6875,0.6492,0.712
2012-01-30,0.676,0.6539,0.707
2012-01-31,0.6769,0.6514,0.707
2012-02-01,0.6676,0.6535,0.702
2012-02-02,0.6826,0.668,0.714
2012-02-03,0.6877,0.6826,0.726
2012-02-06,0.6872,0.689,0.73
2012-02-07,0.675,0.6762,0.719
2012-02-08,0.6934,0.6948,0.737
2012-02-09,0.6935,0.7002,0.742
2012-02-10,0.6946,0.7013,0.722
2012-02-13,0.6941,0.7173,0.729
2012-02-14,0.6914,0.7147,0.729
2012-02-15,0.6985,0.7271,0.741
2012-02-16,0.695,0.7241,0.742
2012-02-17,0.6952,0.7201,0.738
2012-02-20,0.696,0.7233,0.74
2012-02-21,0.7014,0.7391,0.748
2012-02-22,0.7105,0.7617,0.763
2012-02-23,0.7127,0.759,0.768
2012-02-24,0.7236,0.7644,0.778
2012-02-27,0.7258,0.7624,0.779
2012-02-28,0.7274,0.7498,0.775
2012-02-29,0.72,0.7371,0.764
2012-03-01,0.7197,0.7449,0.767
2012-03-02,0.7318,0.7593,0.783
2012-03-05,0.7271,0.7612,0.783
2012-03-06,0.7162,0.7527,0.775
2012-03-07,0.7115,0.7511,0.772
2012-03-08,0.7203,0.7634,0.784
2012-03-09,0.7279,0.7793,0.795
2012-03-12,0.7252,0.7878,0.8
2012-03-13,0.7322,0.794,0.808
2012-03-14,0.7125,0.7582,0.774
2012-03-15,0.7075,0.7482,0.767
2012-03-16,0.7175,0.7672,0.786
2012-03-19,0.7191,0.781,0.794
2012-03-20,0.7072,0.7572,0.779
2012-03-21,0.708,0.7534,0.782
2012-03-22,0.7071,0.7525,0.779
2012-03-23,0.699,0.7396,0.765
2012-03-26,0.6997,0.7389,0.765
2012-03-27,0.6974,0.7375,0.764
2012-03-28,0.6786,0.7006,0.732
2012-03-29,0.6702,0.6864,0.719
2012-03-30,0.6733,0.6812,0.718
2012-04-05,0.6884,0.7002,0.739
2012-04-06,0.6904,0.7042,0.743
2012-04-09,0.6838,0.6925,0.735
2012-04-10,0.6902,0.6998,0.743
2012-04-11,0.6903,0.7013,0.746
2012-04-12,0.7036,0.7158,0.761
2012-04-13,0.706,0.7217,0.768
2012-04-16,0.7042,0.719,0.77
2012-04-17,0.696,0.7121,0.759
2012-04-18,0.711,0.7263,0.775
2012-04-19,0.71,0.728,0.774
2012-04-20,0.718,0.7315,0.781
2012-04-23,0.7125,0.6935,0.772
2012-04-24,0.7123,0.6847,0.766
2012-04-25,0.7178,0.6856,0.778
2012-04-26,0.7193,0.6821,0.776
2012-04-27,0.718,0.689,0.768
2012-05-02,0.7329,0.6973,0.778
2012-05-03,0.735,0.7031,0.78
2012-05-04,0.7413,0.7171,0.785
2012-05-07,0.742,0.7371,0.789
2012-05-08,0.7397,0.7359,0.789
2012-05-09,0.7264,0.7236,0.775
2012-05-10,0.7264,0.7317,0.776
2012-05-11,0.7212,0.7258,0.774
2012-05-14,0.7157,0.7245,0.774
2012-05-15,0.7162,0.7248,0.771
2012-05-16,0.7051,0.7148,0.764
2012-05-17,0.7153,0.7213,0.775
2012-05-18,0.7049,0.7114,0.765
2012-05-21,0.7083,0.71,0.763
2012-05-22,0.7188,0.72,0.772
2012-05-23,0.7161,0.7185,0.769
2012-05-24,0.7105,0.718,0.763
2012-05-25,0.7046,0.7082,0.755
2012-05-28,0.7157,0.7121,0.765
2012-05-29,0.725,0.7263,0.776
2012-05-30,0.7228,0.7333,0.778
2012-05-31,0.7207,0.7408,0.78
2012-06-01,0.7213,0.7407,0.777
2012-06-04,0.7017,0.7236,0.753
2012-06-05,0.7016,0.7225,0.752
2012-06-06,0.7012,0.7217,0.749
2012-06-07,0.6981,0.7179,0.746
2012-06-08,0.6938,0.7204,0.745
2012-06-11,0.7035,0.7411,0.756
2012-06-12,0.6995,0.7419,0.75
2012-06-13,0.7105,0.7531,0.761
2012-06-14,0.7057,0.7475,0.758
2012-06-15,0.7077,0.7488,0.76
2012-06-18,0.7114,0.7595,0.767
2012-06-19,0.7054,0.7542,0.762
2012-06-20,0.704,0.7552,0.759
2012-06-21,0.6932,0.746,0.748
2012-06-25,0.6788,0.7276,0.729
2012-06-26,0.6797,0.7229,0.729
2012-06-27,0.6779,0.7258,0.725
2012-06-28,0.6728,0.718,0.713
2012-06-29,0.6823,0.7332,0.721
2012-07-02,0.6836,0.747,0.727
2012-07-03,0.6846,0.7497,0.728
2012-07-04,0.6837,0.7454,0.725
2012-07-05,0.6752,0.7302,0.708
2012-07-06,0.6869,0.7431,0.72
2012-07-09,0.6719,0.7281,0.701
2012-07-10,0.6694,0.7193,0.695
2012-07-11,0.6748,0.7251,0.702
2012-07-12,0.6813,0.7401,0.712
2012-07-13,0.6819,0.7316,0.708
2012-07-16,0.6684,0.6972,0.683
2012-07-17,0.6723,0.7028,0.688
2012-07-18,0.6723,0.7079,0.694
2012-07-19,0.6755,0.7149,0.702
2012-07-20,0.6686,0.712,0.699
2012-07-23,0.6598,0.7103,0.693
2012-07-24,0.6627,0.7121,0.697
2012-07-25,0.6585,0.714,0.692
2012-07-26,0.6551,0.7124,0.688
2012-07-27,0.6553,0.7092,0.685
2012-07-30,0.6518,0.6941,0.671
2012-07-31,0.6513,0.6826,0.659
2012-08-01,0.6582,0.6951,0.669
2012-08-02,0.6517,0.6966,0.664
2012-08-03,0.6566,0.7175,0.677
2012-08-06,0.665,0.7359,0.691
2012-08-07,0.6657,0.7415,0.698
2012-08-08,0.666,0.7355,0.696
2012-08-09,0.6719,0.7486,0.705
2012-08-10,0.6686,0.7485,0.704
2012-08-13,0.6559,0.733,0.689
2012-08-14,0.6573,0.7417,0.695
2012-08-15,0.6506,0.7351,0.688
2012-08-16,0.6474,0.7289,0.684
2012-08-17,0.6458,0.7264,0.685
2012-08-20,0.6426,0.7361,0.685
2012-08-21,0.6457,0.7542,0.694
2012-08-22,0.6409,0.7521,0.689
2012-08-23,0.6427,0.7557,0.694
2012-08-24,0.6358,0.7385,0.681
2012-08-27,0.6232,0.7277,0.665
2012-08-28,0.6257,0.7328,0.668
2012-08-29,0.6194,0.7321,0.664
2012-08-30,0.6184,0.7092,0.654
2012-08-31,0.6166,0.7118,0.655
2012-09-03,0.6234,0.7289,0.666
2012-09-04,0.6171,0.7278,0.66
2012-09-05,0.6159,0.7357,0.663
2012-09-06,0.6206,0.7447,0.669
2012-09-07,0.6469,0.7644,0.692
2012-09-10,0.6494,0.7671,0.697
2012-09-11,0.6455,0.7666,0.695
2012-09-12,0.6476,0.7673,0.7
2012-09-13,0.6418,0.7547,0.691
2012-09-14,0.646,0.7493,0.692
2012-09-17,0.6306,0.729,0.673
2012-09-18,0.6246,0.7285,0.672
2012-09-19,0.6275,0.7331,0.677
2012-09-20,0.614,0.7116,0.658
2012-09-21,0.6145,0.6961,0.654
2012-09-24,0.6188,0.6952,0.658
2012-09-25,0.6176,0.6872,0.655
2012-09-26,0.6107,0.6664,0.64
2012-09-27,0.628,0.6816,0.653
2012-09-28,0.6386,0.6942,0.663
2012-10-08,0.6325,0.695,0.66
2012-10-09,0.6456,0.717,0.677
2012-10-10,0.6464,0.7262,0.683
2012-10-11,0.6407,0.7161,0.673
2012-10-12,0.6414,0.7132,0.672
2012-10-15,0.6387,0.7062,0.669
2012-10-16,0.6397,0.7096,0.671
2012-10-17,0.6403,0.7133,0.672
2012-10-18,0.6497,0.7247,0.683
2012-10-19,0.6486,0.7236,0.682
2012-10-22,0.6511,0.7284,0.685
2012-10-23,0.6432,0.7154,0.677
2012-10-24,0.6418,0.7119,0.676
2012-10-25,0.6372,0.7014,0.671
2012-10-26,0.626,0.6893,0.658
2012-10-29,0.6231,0.6921,0.657
2012-10-30,0.6242,0.6935,0.658
2012-10-31,0.6281,0.6955,0.659
2012-11-01,0.6394,0.7057,0.671
2012-11-02,0.6419,0.7053,0.675
2012-11-05,0.6405,0.6967,0.673
2012-11-06,0.6378,0.6943,0.669
2012-11-07,0.6366,0.6935,0.668
2012-11-08,0.6253,0.6796,0.653
2012-11-09,0.6242,0.6764,0.65
2012-11-12,0.6272,0.6803,0.655
2012-11-13,0.6165,0.671,0.641
2012-11-14,0.6191,0.6689,0.643
2012-11-15,0.6114,0.6629,0.631
2012-11-16,0.607,0.6598,0.628
2012-11-19,0.6064,0.6606,0.628
2012-11-20,0.6035,0.6602,0.625
2012-11-21,0.6116,0.6636,0.631
2012-11-22,0.6069,0.6555,0.624
2012-11-23,0.6111,0.6551,0.626
2012-11-26,0.6066,0.6425,0.619
2012-11-27,0.5996,0.6199,0.598
2012-11-28,0.5937,0.6113,0.585
2012-11-29,0.5899,0.6068,0.58
2012-11-30,0.5963,0.6104,0.588
2012-12-03,0.5875,0.5972,0.574
2012-12-04,0.5934,0.6043,0.581
2012-12-05,0.6135,0.6282,0.6
2012-12-06,0.6125,0.6277,0.6
2012-12-07,0.6242,0.6408,0.613
2012-12-10,0.6312,0.6495,0.622
2012-12-11,0.6275,0.6442,0.619
2012-12-12,0.6301,0.6426,0.619
2012-12-13,0.6232,0.6352,0.611
2012-12-14,0.6529,0.6592,0.631
2012-12-17,0.6567,0.6526,0.636
2012-12-18,0.6563,0.649,0.635
2012-12-19,0.657,0.655,0.637
2012-12-20,0.6601,0.6612,0.639
2012-12-21,0.6578,0.6709,0.638
2012-12-24,0.6598,0.6825,0.641
2012-12-25,0.6774,0.6968,0.655
2012-12-26,0.6806,0.7117,0.664
2012-12-27,0.6774,0.7022,0.659
2012-12-28,0.6874,0.7101,0.666
2012-12-31,0.6993,0.716,0.673
2013-01-04,0.7019,0.7068,0.669
2013-01-07,0.7058,0.7195,0.676
2013-01-08,0.7031,0.7345,0.684
2013-01-09,0.703,0.7358,0.686
2013-01-10,0.7043,0.7424,0.689
2013-01-11,0.6906,0.7327,0.673
2013-01-14,0.715,0.7616,0.694
2013-01-15,0.719,0.7795,0.706
2013-01-16,0.7117,0.7754,0.707
2013-01-17,0.7053,0.7692,0.699
2013-01-18,0.7171,0.7882,0.711
2013-01-21,0.7204,0.7934,0.716
2013-01-22,0.7166,0.776,0.706
2013-01-23,0.7192,0.7794,0.708
2013-01-24,0.7124,0.7589,0.693
2013-01-25,0.7084,0.7639,0.692
2013-01-28,0.7291,0.7857,0.707
2013-01-29,0.7362,0.7926,0.715
2013-01-30,0.7404,0.7845,0.718
2013-01-31,0.7394,0.7768,0.715
2013-02-01,0.7542,0.7831,0.72
2013-02-04,0.7568,0.7726,0.715
2013-02-05,0.7635,0.7813,0.721
2013-02-06,0.7649,0.7911,0.725
2013-02-07,0.7598,0.8049,0.727
2013-02-08,0.7634,0.8217,0.71
2013-02-18,0.7541,0.8337,0.714
2013-02-19,0.7403,0.8183,0.703
2013-02-20,0.7445,0.8492,0.716
2013-02-21,0.7217,0.8377,0.702
2013-02-22,0.7174,0.8372,0.7
2013-02-25,0.72,0.8539,0.708
2013-02-26,0.7097,0.8495,0.697
2013-02-27,0.7161,0.8444,0.696
2013-02-28,0.7368,0.8592,0.709
2013-03-01,0.7352,0.8828,0.715
2013-03-04,0.7005,0.8615,0.691
2013-03-05,0.7203,0.8858,0.706
2013-03-06,0.7282,0.9005,0.716
2013-03-07,0.721,0.8751,0.71
2013-03-08,0.7174,0.8626,0.704
2013-03-11,0.7127,0.867,0.704
2013-03-12,0.7023,0.838,0.686
2013-03-13,0.6949,0.8322,0.681
2013-03-14,0.6962,0.8401,0.683
2013-03-15,0.6971,0.8518,0.684
2013-03-18,0.687,0.85,0.676
2013-03-19,0.6932,0.8407,0.678
2013-03-20,0.7155,0.864,0.694
2013-03-21,0.7159,0.8803,0.7
2013-03-22,0.7172,0.8795,0.703
2013-03-25,0.7153,0.8793,0.702
2013-03-26,0.7048,0.8739,0.697
2013-03-27,0.7077,0.8802,0.7
2013-03-28,0.6853,0.8651,0.682
2013-03-29,0.685,0.864,0.683
2013-04-01,0.6842,0.8743,0.687
2013-04-02,0.6831,0.8431,0.68
2013-04-03,0.6825,0.8332,0.674
2013-04-08,0.6788,0.8514,0.676
2013-04-09,0.6839,0.8598,0.682
2013-04-10,0.6837,0.8484,0.681
2013-04-11,0.6818,0.8457,0.678
2013-04-12,0.6781,0.8446,0.673
2013-04-15,0.6721,0.8344,0.665
2013-04-16,0.6788,0.8441,0.672
2013-04-17,0.6791,0.8651,0.677
2013-04-18,0.6809,0.871,0.678
2013-04-19,0.6987,0.8897,0.69
2013-04-22,0.6974,0.9133,0.692
2013-04-23,0.6758,0.8912,0.675
2013-04-24,0.6873,0.9207,0.687
2013-04-25,0.6802,0.901,0.679
2013-04-26,0.675,0.887,0.67
2013-05-02,0.6763,0.9106,0.672
2013-05-03,0.6883,0.9357,0.683
2013-05-06,0.6969,0.9542,0.694
2013-05-07,0.6976,0.9537,0.694
2013-05-08,0.7003,0.9762,0.701
2013-05-09,0.6946,0.9884,0.699
2013-05-10,0.698,0.9847,0.703
2013-05-13,0.695,0.9916,0.706
2013-05-14,0.6845,0.973,0.699
2013-05-15,0.6878,1.0089,0.707
2013-05-16,0.6999,1.006,0.715
2013-05-17,0.7098,1.0198,0.726
2013-05-20,0.714,1.0479,0.732
2013-05-21,0.7143,1.0696,0.74
2013-05-22,0.7155,1.0364,0.735
2013-05-23,0.7059,1.0395,0.73
2013-05-24,0.7089,1.0701,0.74
2013-05-27,0.7097,1.0858,0.746
2013-05-28,0.7226,1.0555,0.747
2013-05-29,0.7218,1.0625,0.751
2013-05-30,0.7208,1.0705,0.753
2013-05-31,0.7133,1.07,0.747
2013-06-03,0.7135,1.0495,0.743
2013-06-04,0.7039,1.0202,0.73
2013-06-05,0.7018,1.0303,0.732
2013-06-06,0.6929,1.02,0.721
2013-06-07,0.6819,1.0282,0.709
2013-06-13,0.6609,1.0274,0.69
2013-06-14,0.6648,1.0659,0.702
2013-06-17,0.6619,1.0714,0.703
2013-06-18,0.6661,1.0706,0.706
2013-06-19,0.6606,1.0655,0.702
2013-06-20,0.6401,1.0278,0.682
2013-06-21,0.6402,1.0238,0.681
2013-06-24,0.6016,0.9703,0.643
2013-06-25,0.601,0.9835,0.64
2013-06-26,0.6025,1.0371,0.651
2013-06-27,0.6014,1.0205,0.642
2013-06-28,0.6132,1.0092,0.644
2013-07-01,0.6166,1.053,0.654
2013-07-02,0.618,1.0806,0.663
2013-07-03,0.6134,1.1018,0.665
2013-07-04,0.6187,1.0852,0.67
2013-07-05,0.6201,1.0549,0.667
2013-07-08,0.6049,1.028,0.644
2013-07-09,0.6052,1.0481,0.648
2013-07-10,0.6219,1.0663,0.665
2013-07-11,0.6505,1.0782,0.683
2013-07-12,0.6375,1.0936,0.677
2013-07-15,0.6463,1.1367,0.69
2013-07-16,0.6493,1.1403,0.697
2013-07-17,0.6398,1.1265,0.688
2013-07-18,0.6301,1.1248,0.687
2013-07-19,0.6152,1.113,0.669
2013-07-22,0.6184,1.1505,0.679
2013-07-23,0.636,1.1752,0.697
2013-07-24,0.6318,1.1981,0.699
2013-07-25,0.6282,1.1435,0.688
2013-07-26,0.6249,1.1493,0.688
2013-07-29,0.6113,1.1258,0.676
2013-07-30,0.615,1.1118,0.674
2013-07-31,0.617,1.1215,0.678
2013-08-01,0.6312,1.1768,0.694
2013-08-02,0.632,1.1755,0.698
2013-08-05,0.6399,1.1894,0.709
2013-08-06,0.6441,1.1979,0.716
2013-08-07,0.6403,1.1624,0.709
2013-08-08,0.6392,1.1722,0.712
2013-08-09,0.6414,1.1591,0.716
2013-08-12,0.6597,1.1487,0.727
2013-08-13,0.6618,1.159,0.729
2013-08-14,0.659,1.1671,0.726
2013-08-15,0.6518,1.1539,0.717
2013-08-16,0.6478,1.1197,0.704
2013-08-19,0.6555,1.158,0.714
2013-08-20,0.6516,1.1622,0.712
2013-08-21,0.6493,1.1676,0.715
2013-08-22,0.6486,1.183,0.717
2013-08-23,0.6434,1.2044,0.715
2013-08-26,0.6567,1.2215,0.728
2013-08-27,0.6576,1.2329,0.732
2013-08-28,0.6533,1.2099,0.727
2013-08-29,0.6509,1.2081,0.728
2013-08-30,0.6496,1.1681,0.723
2013-09-02,0.6513,1.1924,0.728
2013-09-03,0.6609,1.216,0.738
2013-09-04,0.6602,1.2177,0.74
2013-09-05,0.6581,1.2476,0.741
2013-09-06,0.6619,1.2623,0.746
2013-09-09,0.684,1.2552,0.752
2013-09-10,0.6929,1.2432,0.758
2013-09-11,0.6924,1.2016,0.752
2013-09-12,0.6987,1.2015,0.755
2013-09-13,0.6935,1.2333,0.755
2013-09-16,0.6905,1.2579,0.756
2013-09-17,0.6778,1.2487,0.744
2013-09-18,0.6793,1.2684,0.749
2013-09-23,0.6898,1.3037,0.763
2013-09-24,0.6812,1.306,0.762
2013-09-25,0.6777,1.3007,0.758
2013-09-26,0.666,1.2845,0.745
2013-09-27,0.6696,1.3013,0.749
2013-09-30,0.6732,1.3435,0.757
2013-10-08,0.6813,1.3627,0.769
2013-10-09,0.6844,1.3904,0.776
2013-10-10,0.6784,1.3547,0.773
2013-10-11,0.6882,1.3563,0.786
2013-10-14,0.689,1.3695,0.795
2013-10-15,0.6871,1.366,0.795
2013-10-16,0.6748,1.3124,0.774
2013-10-17,0.673,1.2997,0.774
2013-10-18,0.6762,1.3252,0.775
2013-10-21,0.6882,1.3737,0.792
2013-10-22,0.682,1.3255,0.786
2013-10-23,0.6755,1.2869,0.77
2013-10-24,0.6713,1.2722,0.767
2013-10-25,0.663,1.246,0.753
2013-10-28,0.6611,1.2556,0.752
2013-10-29,0.664,1.2386,0.736
2013-10-30,0.6739,1.2496,0.747
2013-10-31,0.6651,1.2127,0.739
2013-11-01,0.6687,1.2,0.737
2013-11-04,0.6674,1.2006,0.741
2013-11-05,0.6675,1.2371,0.749
2013-11-06,0.6594,1.2193,0.741
2013-11-07,0.6549,1.202,0.729
2013-11-08,0.6457,1.1894,0.718
2013-11-11,0.6484,1.1908,0.722
2013-11-12,0.6551,1.206,0.728
2013-11-13,0.6406,1.1902,0.714
2013-11-14,0.6447,1.2267,0.722
2013-11-15,0.6571,1.2456,0.736
2013-11-18,0.6782,1.267,0.753
2013-11-19,0.6742,1.2738,0.755
2013-11-20,0.677,1.2748,0.761
2013-11-21,0.6725,1.2745,0.757
2013-11-22,0.6699,1.2707,0.754
2013-11-25,0.6673,1.2693,0.754
2013-11-26,0.6669,1.2674,0.755
2013-11-27,0.6734,1.304,0.763
2013-11-28,0.6811,1.311,0.77
2013-11-29,0.6807,1.3403,0.775
2013-12-02,0.6759,1.2304,0.744
2013-12-03,0.6835,1.2318,0.762
2013-12-04,0.6921,1.2171,0.776
2013-12-05,0.6905,1.1799,0.775
2013-12-06,0.6865,1.1845,0.772
2013-12-09,0.6864,1.2184,0.777
2013-12-10,0.6875,1.2089,0.779
2013-12-11,0.6764,1.221,0.771
2013-12-12,0.6754,1.2544,0.773
2013-12-13,0.6754,1.2533,0.776
2013-12-16,0.6649,1.2549,0.764
2013-12-17,0.6616,1.243,0.759
2013-12-18,0.6622,1.2317,0.758
2013-12-19,0.6553,1.2318,0.752
2013-12-20,0.6405,1.2295,0.744
2013-12-23,0.6426,1.2188,0.745
2013-12-24,0.6439,1.2343,0.75
2013-12-25,0.6484,1.2629,0.758
2013-12-26,0.6376,1.2446,0.745
2013-12-27,0.6476,1.2687,0.756
2013-12-30,0.6467,1.2816,0.757
2013-12-31,0.6552,1.2781,0.76
2014-01-02,0.6525,1.3057,0.765
2014-01-03,0.6437,1.3249,0.759
2014-01-06,0.6302,1.2963,0.741
2014-01-07,0.63,1.3243,0.745
2014-01-08,0.6312,1.3754,0.746
2014-01-09,0.6262,1.3514,0.736
2014-01-10,0.6218,1.3252,0.725
2014-01-13,0.6186,1.3343,0.723
2014-01-14,0.6244,1.3713,0.738
2014-01-15,0.6237,1.3853,0.742
2014-01-16,0.6247,1.3656,0.742
2014-01-17,0.6165,1.366,0.736
2014-01-20,0.6117,1.3437,0.73
2014-01-21,0.6179,1.3771,0.741
2014-01-22,0.6336,1.401,0.76
2014-01-23,0.6319,1.4296,0.765
2014-01-24,0.6362,1.4516,0.773
2014-01-27,0.6283,1.4447,0.771
2014-01-28,0.6294,1.4386,0.771
2014-01-29,0.6319,1.463,0.777
2014-01-30,0.6248,1.4624,0.773
2014-02-07,0.6273,1.4978,0.761
2014-02-10,0.6424,1.5179,0.783
2014-02-11,0.6466,1.4924,0.784
2014-02-12,0.6483,1.5049,0.793
2014-02-13,0.6454,1.451,0.781
2014-02-14,0.6502,1.4803,0.794
2014-02-17,0.6547,1.5218,0.808
2014-02-18,0.647,1.5085,0.807
2014-02-19,0.6545,1.5073,0.808
2014-02-20,0.6483,1.4788,0.797
2014-02-21,0.6423,1.4832,0.792
2014-02-24,0.6285,1.5029,0.789
2014-02-25,0.6138,1.4373,0.761
2014-02-26,0.6142,1.4306,0.765
2014-02-27,0.611,1.3804,0.755
2014-02-28,0.617,1.3999,0.762
2014-03-03,0.6211,1.4289,0.779
2014-03-04,0.6196,1.4237,0.778
2014-03-05,0.6139,1.427,0.774
2014-03-06,0.6172,1.4251,0.775
2014-03-07,0.6158,1.4232,0.771
2014-03-10,0.5977,1.3713,0.743
2014-03-11,0.5999,1.3603,0.744
2014-03-12,0.6018,1.3636,0.745
2014-03-13,0.6086,1.4,0.752
2014-03-14,0.6038,1.3972,0.749
2014-03-17,0.6099,1.4391,0.763
2014-03-18,0.6086,1.447,0.766
2014-03-19,0.6041,1.4283,0.764
2014-03-20,0.5955,1.3813,0.746
2014-03-21,0.6152,1.3834,0.76
2014-03-24,0.6195,1.3615,0.766
2014-03-25,0.6195,1.3597,0.767
2014-03-26,0.6184,1.3817,0.769
2014-03-27,0.6147,1.3337,0.76
2014-03-28,0.6139,1.2975,0.747
2014-03-31,0.6127,1.295,0.742
2014-04-01,0.6175,1.3213,0.754
2014-04-02,0.6223,1.2953,0.754
2014-04-03,0.6179,1.2932,0.753
2014-04-04,0.6232,1.3133,0.76
2014-04-08,0.6373,1.3171,0.768
2014-04-09,0.6374,1.3371,0.774
2014-04-10,0.6474,1.3472,0.778
2014-04-11,0.6466,1.3301,0.775
2014-04-14,0.6456,1.3384,0.78
2014-04-15,0.6354,1.3356,0.774
2014-04-16,0.636,1.3255,0.773
2014-04-17,0.6339,1.3336,0.773
2014-04-18,0.6337,1.3429,0.775
2014-04-21,0.6238,1.3299,0.764
2014-04-22,0.627,1.3034,0.761
2014-04-23,0.6265,1.2941,0.758
2014-04-24,0.6257,1.2877,0.751
2014-04-25,0.6193,1.2611,0.736
2014-04-28,0.6101,1.228,0.714
2014-04-29,0.6165,1.2369,0.724
2014-04-30,0.6174,1.2528,0.728
2014-05-05,0.6171,1.271,0.732
2014-05-06,0.6173,1.2851,0.736
2014-05-07,0.6119,1.2595,0.723
2014-05-08,0.6124,1.2498,0.723
2014-05-09,0.6114,1.2296,0.716
2014-05-12,0.624,1.2488,0.733
2014-05-13,0.6227,1.248,0.732
2014-05-14,0.6221,1.2504,0.732
2014-05-15,0.6144,1.2271,0.719
2014-05-16,0.6145,1.2011,0.718
2014-05-19,0.6067,1.2032,0.715
2014-05-20,0.6067,1.2187,0.716
2014-05-21,0.612,1.2315,0.722
2014-05-22,0.6109,1.2427,0.722
2014-05-23,0.6164,1.2685,0.729
2014-05-26,0.6183,1.2927,0.736
2014-05-27,0.6159,1.2788,0.735
2014-05-28,0.6218,1.3105,0.743
2014-05-29,0.6184,1.2863,0.737
2014-05-30,0.6189,1.2905,0.739
2014-06-03,0.6176,1.2919,0.737
2014-06-04,0.6118,1.2936,0.731
2014-06-05,0.6183,1.3264,0.738
2014-06-06,0.6142,1.3216,0.736
2014-06-09,0.6138,1.2984,0.732
2014-06-10,0.6212,1.3256,0.739
2014-06-11,0.6208,1.3387,0.743
2014-06-12,0.6187,1.3353,0.741
2014-06-13,0.6262,1.3536,0.749
2014-06-16,0.6305,1.366,0.753
2014-06-17,0.6239,1.3479,0.747
2014-06-18,0.6206,1.3349,0.743
2014-06-19,0.6113,1.293,0.725
2014-06-20,0.6149,1.3062,0.731
2014-06-23,0.6144,1.3323,0.735
2014-06-24,0.6184,1.3402,0.739
2014-06-25,0.616,1.33,0.735
2014-06-26,0.6204,1.3568,0.744
2014-06-27,0.6214,1.3587,0.749
2014-06-30,0.626,1.3737,0.756
2014-07-01,0.6254,1.3807,0.76
2014-07-02,0.6285,1.3885,0.766
2014-07-03,0.6322,1.391,0.774
2014-07-04,0.6321,1.3805,0.772
2014-07-07,0.6324,1.3626,0.773
2014-07-08,0.6333,1.3788,0.778
2014-07-09,0.6245,1.3536,0.767
2014-07-10,0.625,1.3335,0.767
2014-07-11,0.6292,1.3291,0.776
2014-07-14,0.6379,1.3367,0.788
2014-07-15,0.638,1.3119,0.789
2014-07-16,0.637,1.29,0.785
2014-07-17,0.634,1.2844,0.779
2014-07-18,0.6379,1.2777,0.781
2014-07-21,0.6381,1.2788,0.778
2014-07-22,0.6456,1.3004,0.787
2014-07-23,0.648,1.2648,0.782
2014-07-24,0.6598,1.2442,0.783
2014-07-25,0.6668,1.2576,0.79
2014-07-28,0.6843,1.2853,0.803
2014-07-29,0.6852,1.3019,0.811
2014-07-30,0.6825,1.3125,0.812
2014-07-31,0.6905,1.3142,0.82
2014-08-01,0.6841,1.2964,0.813
2014-08-04,0.6983,1.3001,0.825
2014-08-05,0.6964,1.3299,0.829
2014-08-06,0.6935,1.3347,0.834
2014-08-07,0.6831,1.3311,0.826
2014-08-08,0.6849,1.346,0.83
2014-08-11,0.695,1.3655,0.841
2014-08-12,0.6919,1.3642,0.844
2014-08-13,0.6926,1.3525,0.845
2014-08-14,0.6874,1.3486,0.841
2014-08-15,0.6946,1.36,0.849
2014-08-18,0.6981,1.3944,0.86
2014-08-19,0.698,1.4016,0.863
2014-08-20,0.6954,1.393,0.863
2014-08-21,0.6917,1.4126,0.861
2014-08-22,0.6951,1.4256,0.866
2014-08-25,0.6896,1.4086,0.861
2014-08-26,0.6832,1.3778,0.848
2014-08-27,0.6843,1.3862,0.851
2014-08-28,0.6794,1.3707,0.843
2014-08-29,0.6875,1.3898,0.851
2014-09-01,0.6924,1.4161,0.865
2014-09-02,0.7006,1.4275,0.877
2014-09-03,0.7068,1.4392,0.882
2014-09-04,0.7115,1.456,0.889
2014-09-05,0.7181,1.4507,0.893
2014-09-09,0.7169,1.4544,0.9
2014-09-10,0.7134,1.4646,0.9
2014-09-11,0.7111,1.4721,0.9
2014-09-12,0.7166,1.4825,0.91
2014-09-15,0.7159,1.4845,0.919
2014-09-16,0.7027,1.4351,0.891
2014-09-17,0.7052,1.4405,0.898
2014-09-18,0.7082,1.4513,0.904
2014-09-19,0.7135,1.459,0.909
2014-09-22,0.701,1.4443,0.898
2014-09-23,0.7073,1.4606,0.909
2014-09-24,0.7191,1.4759,0.92
2014-09-25,0.7166,1.4675,0.919
2014-09-26,0.7163,1.4702,0.923
2014-09-29,0.719,1.4839,0.933
2014-09-30,0.7211,1.4971,0.939
2014-10-08,0.7285,1.5126,0.952
2014-10-09,0.7301,1.5165,0.953
2014-10-10,0.726,1.5102,0.95
2014-10-13,0.7233,1.5046,0.95
2014-10-14,0.7208,1.496,0.947
2014-10-15,0.7251,1.5021,0.952
2014-10-16,0.7209,1.4853,0.938
2014-10-17,0.7191,1.4707,0.929
2014-10-20,0.723,1.4907,0.941
2014-10-21,0.7173,1.4768,0.932
2014-10-22,0.7144,1.4647,0.922
2014-10-23,0.7089,1.4399,0.91
2014-10-24,0.7077,1.4397,0.915
2014-10-27,0.7018,1.453,0.921
2014-10-28,0.7156,1.4808,0.942
2014-10-29,0.7256,1.4882,0.955
2014-10-30,0.7305,1.4845,0.955
2014-10-31,0.7424,1.4729,0.956
2014-11-03,0.743,1.4883,0.965
2014-11-04,0.7414,1.4754,0.961
2014-11-05,0.739,1.4717,0.96
2014-11-06,0.7399,1.4905,0.966
2014-11-07,0.7396,1.4812,0.957
2014-11-10,0.7567,1.4738,0.968
2014-11-11,0.7541,1.4235,0.941
2014-11-12,0.764,1.437,0.956
2014-11-13,0.76,1.4067,0.948
2014-11-14,0.7608,1.4052,0.945
2014-11-17,0.7578,1.4331,0.954
2014-11-18,0.7491,1.4424,0.957
2014-11-19,0.746,1.4633,0.961
2014-11-20,0.7469,1.453,0.959
2014-11-21,0.7587,1.4623,0.97
2014-11-24,0.7759,1.4649,0.987
2014-11-25,0.7873,1.4962,1.001
2014-11-26,0.7987,1.5074,1.008
2014-11-27,0.8093,1.5158,1.015
2014-11-28,0.8254,1.5226,1.014
2014-12-01,0.8277,1.5056,1.008
2014-12-02,0.8564,1.5178,1.02
2014-12-03,0.8669,1.5541,1.029
2014-12-04,0.9082,1.5702,1.05
2014-12-05,0.9149,1.533,1.029
2014-12-08,0.9509,1.5184,1.043
2014-12-09,0.9056,1.46,1.008
2014-12-10,0.9383,1.5236,1.044
2014-12-11,0.9265,1.5374,1.058
2014-12-12,0.9292,1.5707,1.064
2014-12-15,0.9377,1.6022,1.079
2014-12-16,0.9649,1.5947,1.08
2014-12-17,0.9814,1.5895,1.071
2014-12-18,0.9787,1.5801,1.069
2014-12-19,0.9884,1.5455,1.062
2014-12-22,0.9917,1.4728,1.024
2014-12-23,0.9701,1.453,1.005
2014-12-24,0.9416,1.4742,1.018
2014-12-25,0.9694,1.4831,1.036
2014-12-26,1.0022,1.4893,1.047
2014-12-29,1.0061,1.4554,1.035
2014-12-30,1.0102,1.4187,1.019
2014-12-31,1.0337,1.4292,1.028
2015-01-05,1.0689,1.4227,1.048
2015-01-06,1.0711,1.4936,1.058
2015-01-07,1.0713,1.4777,1.058
2015-01-08,1.0493,1.4946,1.049
2015-01-09,1.0481,1.5048,1.043
2015-01-12,1.0402,1.5361,1.03
2015-01-13,1.0397,1.5503,1.043
2015-01-14,1.0362,1.5377,1.037
2015-01-15,1.0662,1.536,1.05
2015-01-16,1.074,1.5865,1.062
2015-01-19,0.9946,1.5773,1.021
2015-01-20,1.0058,1.6444,1.058
2015-01-21,1.0487,1.665,1.083
2015-01-22,1.0522,1.685,1.097
2015-01-23,1.053,1.6406,1.087
2015-01-26,1.0589,1.6805,1.11
2015-01-27,1.0512,1.6842,1.115
2015-01-28,1.0378,1.6724,1.107
2015-01-29,1.0236,1.653,1.098
2015-01-30,1.012,1.6238,1.088
2015-02-02,0.9917,1.6393,1.083
2015-02-03,1.0147,1.6884,1.101
2015-02-04,1.0068,1.6934,1.095
2015-02-05,0.9985,1.7084,1.091
2015-02-06,0.9849,1.6674,1.045
2015-02-09,0.9943,1.6465,1.04
2015-02-10,1.0118,1.6831,1.054
2015-02-11,1.0205,1.7068,1.066
2015-02-12,1.0251,1.7219,1.073
2015-02-13,1.0317,1.7565,1.088
2015-02-16,1.04,1.8244,1.106
2015-02-17,1.0468,1.823,1.113
2015-02-25,1.0346,1.8069,1.113
2015-02-26,1.0592,1.8108,1.124
2015-02-27,1.061,1.8559,1.134
2015-03-02,1.0672,1.9115,1.155
2015-03-03,1.0407,1.8874,1.148
2015-03-04,1.0483,1.9332,1.166
2015-03-05,1.0375,1.9378,1.166
2015-03-06,1.0347,1.8777,1.152
2015-03-09,1.0539,1.9182,1.166
2015-03-10,1.0492,1.9668,1.179
2015-03-11,1.0523,1.9575,1.177
2015-03-12,1.0737,1.9408,1.176
2015-03-13,1.0809,1.9891,1.191
2015-03-16,1.107,2.059,1.226
2015-03-17,1.1211,2.0537,1.245
2015-03-18,1.1456,2.0962,1.263
2015-03-19,1.1434,2.0973,1.271
2015-03-20,1.1571,2.1256,1.284
2015-03-23,1.1806,2.2013,1.315
2015-03-24,1.176,2.2623,1.319
2015-03-25,1.1659,2.2876,1.337
2015-03-26,1.172,2.1973,1.325
2015-03-27,1.1793,2.2275,1.337
2015-03-30,1.2149,2.1944,1.357
2015-03-31,1.2059,2.2365,1.356
2015-04-01,1.2275,2.3017,1.396
2015-04-02,1.2294,2.3665,1.424
2015-04-03,1.2415,2.396,1.446
2015-04-07,1.2689,2.4386,1.48
2015-04-08,1.2846,2.3745,1.469
2015-04-09,1.2761,2.3848,1.458
2015-04-10,1.3028,2.4375,1.493
2015-04-13,1.3226,2.4612,1.527
2015-04-14,1.3226,2.4442,1.531
2015-04-15,1.3053,2.3372,1.478
2015-04-16,1.3428,2.3801,1.497
2015-04-17,1.3633,2.3634,1.506
2015-04-20,1.3399,2.3301,1.476
2015-04-21,1.3685,2.4626,1.526
2015-04-22,1.4022,2.53,1.564
2015-04-23,1.4027,2.5993,1.576
2015-04-24,1.3897,2.6277,1.578
2015-04-27,1.4215,2.6413,1.59
2015-04-28,1.4057,2.5891,1.543
2015-04-29,1.4151,2.6947,1.569
2015-04-30,1.4097,2.7515,1.573
2015-05-04,1.4224,2.7371,1.584
2015-05-05,1.3657,2.6757,1.529
2015-05-06,1.3554,2.7331,1.509
2015-05-07,1.3362,2.6929,1.478
2015-05-08,1.3617,2.8543,1.532
2015-05-11,1.3979,3.0202,1.596
2015-05-12,1.4134,3.1178,1.628
2015-05-13,1.4064,3.0622,1.644
2015-05-14,1.3972,3.0134,1.643
2015-05-15,1.3745,3.0171,1.629
2015-05-18,1.3637,3.1433,1.658
2015-05-19,1.4097,3.1855,1.698
2015-05-20,1.4194,3.2642,1.729
2015-05-21,1.4494,3.38,1.79
2015-05-22,1.4846,3.3655,1.817
2015-05-25,1.5316,3.3165,1.863
2015-05-26,1.5604,3.4559,1.927
2015-05-27,1.5545,3.4636,1.948
2015-05-28,1.4515,3.2747,1.843
2015-05-29,1.4538,3.3777,1.858
2015-06-01,1.5235,3.545,1.95
2015-06-02,1.547,3.7199,2.017
2015-06-03,1.5455,3.7959,1.0
2015-06-04,1.5555,3.7543,0.998
2015-06-05,1.5746,3.6973,1.016
2015-06-08,1.6063,3.5209,1.005
2015-06-09,1.5843,3.5238,1.002
2015-06-10,1.5868,3.6468,1.024
2015-06-11,1.588,3.6711,1.039
2015-06-12,1.599,3.7044,1.056
2015-06-15,1.5636,3.5047,1.037
2015-06-16,1.5174,3.3995,0.999
2015-06-17,1.5409,3.5456,1.017
2015-06-18,1.4847,3.3196,0.985
2015-06-19,1.4066,3.1361,0.919
2015-06-23,1.4548,3.211,0.925
2015-06-24,1.4829,3.2026,0.944
2015-06-25,1.4342,3.0301,0.911
2015-06-26,1.3302,2.7543,0.835
2015-06-29,1.2918,2.532,0.776
2015-06-30,1.3737,2.6923,0.815
2015-07-01,1.3058,2.5931,0.772
2015-07-02,1.2644,2.4843,0.723
2015-07-03,1.1956,2.4402,0.682
2015-07-06,1.2297,2.3308,0.672
2015-07-07,1.212,2.1871,0.632
2015-07-08,1.1273,2.1996,0.617
2015-07-09,1.2017,2.2749,0.643
2015-07-10,1.2686,2.3795,0.673
2015-07-13,1.3028,2.531,0.711
2015-07-14,1.2694,2.5727,0.717
2015-07-15,1.2263,2.4403,0.669
2015-07-16,1.2364,2.4822,0.688
2015-07-17,1.2828,2.6393,0.73
2015-07-20,1.287,2.7041,0.742
2015-07-21,1.292,2.7348,0.752
2015-07-22,1.2899,2.746,0.762
2015-07-23,1.3199,2.816,0.786
2015-07-24,1.2983,2.7438,0.774
2015-07-27,1.1921,2.5281,0.714
2015-07-28,1.1867,2.4272,0.7
2015-07-29,1.2233,2.5425,0.735
2015-07-30,1.1886,2.4126,0.714
2015-07-31,1.1865,2.3957,0.708
2015-08-03,1.1856,2.2572,0.69
2015-08-04,1.2231,2.4069,0.728
2015-08-05,1.2035,2.3636,0.719
2015-08-06,1.1939,2.3451,0.715
2015-08-07,1.2187,2.4439,0.736
2015-08-10,1.2753,2.5742,0.773
2015-08-11,1.2704,2.5656,0.776
2015-08-12,1.2551,2.4888,0.766
2015-08-13,1.2731,2.5533,0.785
2015-08-14,1.2748,2.5407,0.793
2015-08-17,1.2772,2.5327,0.809
2015-08-18,1.1963,2.3695,0.747
2015-08-19,1.2161,2.4359,0.764
2015-08-20,1.1777,2.3744,0.741
2015-08-21,1.1253,2.2079,0.701
2015-08-24,1.0284,2.0191,0.641
2015-08-25,0.9533,1.8585,0.59
2015-08-26,0.9491,1.758,0.566
2015-08-27,1.0078,1.8259,0.588
2015-08-28,1.0513,1.9459,0.625
2015-08-31,1.0554,1.8627,0.601
2015-09-01,1.0514,1.7576,0.563
2015-09-02,1.0543,1.7239,0.56
2015-09-07,1.0187,1.7617,0.562
2015-09-08,1.0461,1.8671,0.584
2015-09-09,1.0667,1.9361,0.6
2015-09-10,1.0543,1.9027,0.589
2015-09-11,1.0511,1.9242,0.594
2015-09-14,1.0282,1.7661,0.551
2015-09-15,0.9882,1.6543,1.0
2015-09-16,1.0382,1.7866,1.072
2015-09-17,1.0165,1.7932,1.052
2015-09-18,1.0223,1.8467,1.067
2015-09-21,1.0409,1.9477,1.108
2015-09-22,1.0521,1.9506,1.116
2015-09-23,1.0275,1.9525,1.102
2015-09-24,1.0353,1.9836,1.119
2015-09-25,1.0177,1.8977,1.074
2015-09-28,1.0224,2.0005,1.095
2015-09-29,1.0037,1.9766,1.075
2015-09-30,1.0134,1.9585,1.08
2015-10-08,1.0434,2.065,1.125
2015-10-09,1.0574,2.0909,1.144
2015-10-12,1.0938,2.19,1.192
2015-10-13,1.0942,2.2149,1.204
2015-10-14,1.0846,2.1777,1.193
2015-10-15,1.1099,2.2767,1.231
2015-10-16,1.1266,2.321,1.25
2015-10-19,1.1268,2.3054,1.249
2015-10-20,1.1401,2.3829,1.272
2015-10-21,1.1068,2.2163,1.191
2015-10-22,1.1245,2.3293,1.239
2015-10-23,1.1429,2.4051,1.274
2015-10-26,1.1484,2.3956,1.283
2015-10-27,1.1508,2.4335,1.292
2015-10-28,1.1289,2.3575,1.263
2015-10-29,1.1322,2.3591,1.276
2015-10-30,1.1327,2.3528,1.275
2015-11-02,1.1152,2.3072,1.252
2015-11-03,1.1132,2.3051,1.251
2015-11-04,1.1657,2.456,1.314
2015-11-05,1.193,2.4368,1.317
2015-11-06,1.2205,2.5303,1.348
2015-11-09,1.2356,2.5892,1.364
2015-11-10,1.2329,2.6118,1.37
2015-11-11,1.2335,2.6684,1.387
2015-11-12,1.2226,2.6469,1.386
2015-11-13,1.2059,2.5717,1.365
2015-11-16,1.2164,2.6506,1.391
2015-11-17,1.2155,2.5736,1.377
2015-11-18,1.2028,2.5199,1.358
2015-11-19,1.2195,2.6206,1.39
2015-11-20,1.2217,2.6473,1.401
2015-11-23,1.2171,2.6193,1.393
2015-11-24,1.2183,2.6614,1.403
2015-11-25,1.2286,2.7369,1.425
2015-11-26,1.221,2.676,1.422
2015-11-27,1.1571,2.5022,1.339
2015-11-30,1.1629,2.5224,1.346
2015-12-01,1.1734,2.5049,1.356
2015-12-02,1.2138,2.4639,1.354
2015-12-03,1.2233,2.5509,1.383
2015-12-04,1.2015,2.5342,1.371
2015-12-07,1.2029,2.5765,1.388
2015-12-08,1.1819,2.5331,1.355
2015-12-09,1.1859,2.5102,1.352
2015-12-10,1.183,2.5343,1.348
2015-12-11,1.1784,2.5112,1.341
2015-12-14,1.212,2.5462,1.367
2015-12-15,1.207,2.5796,1.372
2015-12-16,1.205,2.5951,1.375
2015-12-17,1.2278,2.6612,1.407
2015-12-18,1.2312,2.6555,1.409
2015-12-21,1.2633,2.6545,1.43
2015-12-22,1.2656,2.6622,1.441
2015-12-23,1.264,2.6103,1.429
2015-12-24,1.2528,2.6212,1.426
2015-12-25,1.2581,2.6191,1.434
2015-12-28,1.2232,2.5631,1.4
2015-12-29,1.2363,2.5761,1.414
2015-12-30,1.2375,2.6035,1.426
2015-12-31,1.227,2.5447,1.406
2016-01-04,1.1441,2.3449,1.295
2016-01-05,1.15,2.2786,1.282
2016-01-06,1.1718,2.325,1.313
2016-01-07,1.0936,2.1349,1.203
2016-01-08,1.1167,2.1285,1.222
2016-01-11,1.0622,2.0007,1.144
2016-01-12,1.0665,2.0376,1.147
2016-01-13,1.0473,1.9581,1.11
2016-01-14,1.0688,2.0653,1.145
2016-01-15,1.0331,2.0075,1.105
2016-01-18,1.0371,2.0661,1.12
2016-01-19,1.0565,2.129,1.158
2016-01-20,1.0424,2.0938,1.145
2016-01-21,1.0114,2.0067,1.103
2016-01-22,1.023,2.0419,1.118
2016-01-25,1.0283,2.0507,1.129
2016-01-26,0.9662,1.894,1.049
2016-01-27,0.9633,1.8972,1.035
2016-01-28,0.9403,1.8104,0.992
2016-01-29,0.9719,1.8941,1.029
2016-02-01,0.9592,1.8927,1.018
2016-02-02,0.9794,1.9732,1.053
2016-02-03,0.977,1.9871,1.058
2016-02-04,0.9899,2.0225,1.078
2016-02-05,0.9842,1.9928,1.057
2016-02-15,0.9791,2.0126,1.056
2016-02-16,1.009,2.0981,1.1
2016-02-17,1.0173,2.1115,1.113
2016-02-18,1.0139,2.0868,1.108
2016-02-19,1.0133,2.1069,1.112
2016-02-22,1.0367,2.1412,1.136
2016-02-23,1.0265,2.1135,1.13
2016-02-24,1.034,2.0989,1.135
2016-02-25,0.9689,1.9331,1.048
2016-02-26,0.9791,1.9106,1.054
2016-02-29,0.9565,1.78,1.001
2016-03-01,0.9742,1.8337,1.025
2016-03-02,1.018,1.9149,1.077
2016-03-03,1.0204,1.9045,1.078
2016-03-04,1.0295,1.807,1.051
2016-03-07,1.0337,1.8519,1.074
2016-03-08,1.0347,1.8993,1.078
2016-03-09,1.0236,1.8689,1.053
2016-03-10,1.0047,1.8362,1.037
2016-03-11,1.004,1.8351,1.037
2016-03-14,1.0194,1.9201,1.069
2016-03-15,1.0224,1.8941,1.065
2016-03-16,1.0262,1.8743,1.054
2016-03-17,1.0377,1.9809,1.087
2016-03-18,1.0556,2.0691,1.119
2016-03-21,1.0821,2.1168,1.143
2016-03-22,1.0737,2.1115,1.14
2016-03-23,1.0773,2.1479,1.148
2016-03-24,1.0606,2.1088,1.131
2016-03-25,1.0665,2.1054,1.139
2016-03-28,1.0567,2.0892,1.135
2016-03-29,1.0458,2.0435,1.106
2016-03-30,1.0729,2.1378,1.147
2016-03-31,1.073,2.1298,1.151
2016-04-01,1.0758,2.1003,1.146
2016-04-05,1.0907,2.1724,1.176
2016-04-06,1.0899,2.1891,1.187
2016-04-07,1.0753,2.1428,1.172
2016-04-08,1.0683,2.1253,1.163
2016-04-11,1.0856,2.1761,1.189
2016-04-12,1.0811,2.1578,1.18
2016-04-13,1.0946,2.1866,1.197
2016-04-14,1.0997,2.2157,1.21
2016-04-15,1.0997,2.2016,1.207
2016-04-18,1.0857,2.1598,1.191
2016-04-19,1.0885,2.1664,1.196
2016-04-20,1.0684,2.0443,1.149
2016-04-21,1.0628,2.0109,1.142
2016-04-22,1.0686,2.0366,1.15
2016-04-25,1.065,2.0271,1.145
2016-04-26,1.0715,2.0547,1.158
2016-04-27,1.0679,2.046,1.154
2016-04-28,1.0662,2.0543,1.15
2016-04-29,1.0661,2.0386,1.15
2016-05-03,1.0852,2.1138,1.181
2016-05-04,1.0852,2.1078,1.183
2016-05-05,1.0865,2.1203,1.188
2016-05-06,1.0572,2.0299,1.148
2016-05-09,1.0346,1.9575,1.111
2016-05-10,1.0342,1.958,1.111
2016-05-11,1.0397,1.9396,1.112
2016-05-12,1.0419,1.939,1.111
2016-05-13,1.0364,1.93,1.108
2016-05-16,1.0435,1.9615,1.126
2016-05-17,1.0401,1.9842,1.122
2016-05-18,1.0314,1.926,1.092
2016-05-19,1.0282,1.9423,1.097
2016-05-20,1.0338,1.9695,1.107
2016-05-23,1.039,2.0014,1.12
2016-05-24,1.0315,1.9799,1.108
2016-05-25,1.0299,1.9719,1.104
2016-05-26,1.0311,1.9901,1.109
2016-05-27,1.0295,1.9748,1.109
2016-05-30,1.031,1.964,1.105
2016-05-31,1.0656,2.0614,1.149
2016-06-01,1.0627,2.0708,1.152
2016-06-02,1.0649,2.0899,1.158
2016-06-03,1.0728,2.1078,1.164
2016-06-06,1.0717,2.1043,1.168
2016-06-07,1.07,2.1022,1.167
2016-06-08,1.0661,2.0927,1.162
2016-06-13,1.0371,1.9703,1.117
2016-06-14,1.0403,1.9756,1.12
2016-06-15,1.0544,2.0417,1.154
2016-06-16,1.0497,2.0162,1.149
2016-06-17,1.0561,2.0362,1.154
2016-06-20,1.0576,2.033,1.159
2016-06-21,1.0544,2.0086,1.148
2016-06-22,1.0639,2.059,1.163
2016-06-23,1.0609,2.0523,1.157
2016-06-24,1.0492,2.0429,1.142
2016-06-27,1.0641,2.1041,1.165
2016-06-28,1.0693,2.1273,1.175
2016-06-29,1.0745,2.1208,1.179
2016-06-30,1.0765,2.1349,1.18
2016-07-01,1.0789,2.1193,1.179
2016-07-04,1.1005,2.1544,1.199
2016-07-05,1.1043,2.1518,1.204
2016-07-06,1.1091,2.1478,1.21
2016-07-07,1.109,2.1406,1.214
2016-07-08,1.1044,2.1455,1.212
2016-07-11,1.1086,2.1265,1.213
2016-07-12,1.1295,2.1533,1.23
2016-07-13,1.1359,2.1887,1.241
2016-07-14,1.1348,2.1961,1.242
2016-07-15,1.1365,2.1687,1.243
2016-07-18,1.1335,2.156,1.237
2016-07-19,1.1283,2.1781,1.239
2016-07-20,1.1258,2.1731,1.238
2016-07-21,1.1324,2.17,1.242
2016-07-22,1.1223,2.1558,1.231
2016-07-25,1.1245,2.1519,1.234
2016-07-26,1.1379,2.1833,1.25
2016-07-27,1.1215,2.0675,1.203
2016-07-28,1.1235,2.0528,1.208
2016-07-29,1.1205,2.0366,1.201
2016-08-01,1.1133,2.0147,1.183
2016-08-02,1.1172,2.028,1.194
2016-08-03,1.1187,2.0233,1.2
2016-08-04,1.1201,2.0435,1.207
2016-08-05,1.1211,2.024,1.202
2016-08-08,1.1304,2.0442,1.219
2016-08-09,1.1365,2.0668,1.227
2016-08-10,1.1307,2.0502,1.224
2016-08-11,1.1279,2.0185,1.209
2016-08-12,1.1494,2.0378,1.222
2016-08-15,1.1799,2.1031,1.246
2016-08-16,1.1747,2.1106,1.252
2016-08-17,1.174,2.1172,1.257
2016-08-18,1.1709,2.111,1.257
2016-08-19,1.1734,2.1138,1.262
2016-08-22,1.1639,2.0786,1.246
2016-08-23,1.1659,2.085,1.247
2016-08-24,1.1629,2.102,1.25
2016-08-25,1.1571,2.0911,1.241
2016-08-26,1.1569,2.0996,1.245
2016-08-29,1.1577,2.1028,1.251
2016-08-30,1.1584,2.105,1.25
2016-08-31,1.1616,2.1014,1.253
2016-09-01,1.1528,2.0915,1.243
2016-09-02,1.1555,2.0817,1.239
2016-09-05,1.156,2.0927,1.248
2016-09-06,1.1617,2.1305,1.268
2016-09-07,1.1617,2.1203,1.268
2016-09-08,1.1627,2.131,1.275
2016-09-09,1.1564,2.1118,1.267
2016-09-12,1.1372,2.0574,1.235
2016-09-13,1.1353,2.0576,1.238
2016-09-14,1.1273,2.0564,1.232
2016-09-19,1.1368,2.0758,1.243
2016-09-20,1.1352,2.0692,1.242
2016-09-21,1.1369,2.0727,1.243
2016-09-22,1.1447,2.0786,1.252
2016-09-23,1.1402,2.0673,1.25
2016-09-26,1.1217,2.0355,1.224
2016-09-27,1.1287,2.0524,1.234
2016-09-28,1.1256,2.0512,1.234
2016-09-29,1.1296,2.0574,1.237
2016-09-30,1.1334,2.0612,1.241
2016-10-10,1.1459,2.1162,1.264
2016-10-11,1.149,2.1184,1.271
2016-10-12,1.1466,2.1171,1.271
2016-10-13,1.1461,2.1162,1.271
2016-10-14,1.1487,2.103,1.268
2016-10-17,1.14,2.078,1.257
2016-10-18,1.1554,2.1064,1.276
2016-10-19,1.155,2.0939,1.275
2016-10-20,1.1554,2.1019,1.274
2016-10-21,1.1594,2.0904,1.27
2016-10-24,1.1715,2.1089,1.282
2016-10-25,1.1733,2.1082,1.286
2016-10-26,1.1683,2.0934,1.28
2016-10-27,1.1652,2.0915,1.279
2016-10-28,1.1635,2.0754,1.268
2016-10-31,1.1642,2.0699,1.266
2016-11-01,1.1715,2.0856,1.276
2016-11-02,1.1625,2.0571,1.268
2016-11-03,1.173,2.0635,1.273
2016-11-04,1.1707,2.056,1.269
2016-11-07,1.1731,2.0421,1.271
2016-11-08,1.1773,2.0611,1.277
2016-11-09,1.1695,2.0361,1.267
2016-11-10,1.1822,2.0548,1.283
2016-11-11,1.1905,2.0583,1.291
2016-11-14,1.1948,2.0721,1.295
2016-11-15,1.1938,2.0888,1.299
2016-11-16,1.1933,2.0918,1.299
2016-11-17,1.1952,2.0733,1.299
2016-11-18,1.1888,2.0679,1.292
2016-11-21,1.1983,2.0627,1.295
2016-11-22,1.2088,2.0865,1.301
2016-11-23,1.2123,2.0751,1.296
2016-11-24,1.2164,2.0569,1.295
2016-11-25,1.23,2.0768,1.3
2016-11-28,1.2358,2.0755,1.304
2016-11-29,1.2466,2.07,1.295
2016-11-30,1.235,2.0917,1.289
